1560000002519268096
1560000002552601088
1560000002585935104
1560000002619267840
1560000002652601088
1560000002685935104
1560000002719268096
1560000002752602112
1560000002785934848
1560000002819268096
1560000002852602112
1560000002885935104
1560000002919269120
1560000002952642816
1560000002985976064
1560000003019310080
1560000003052643072
1560000003085977088
1560000003119309824
1560000003152643072
1560000003185977088
1560000003219310080
1560000003252644096
1560000003285976832
1560000003319309824
1560000003352643840
1560000003385977088
1560000003419311104
1560000003452572160
1560000003485904896
1560000003519238912
1560000003552571904
1560000003585905920
1560000003619239168
1560000003652571904
1560000003685905920
1560000003719238912
1560000003752572928
1560000003785906176
1560000003819238912
1560000003852572928
1560000003885905920
1560000003919239936
1560000003952600064
1560000003985934080
1560000004019267072
1560000004052601088
1560000004085933824
1560000004119267072
1560000004152601088
1560000004185934080
1560000004219268096
1560000004252600832
1560000004285934848
1560000004319268096
1560000004352601088
1560000004385935104
1560000004419267840
1560000004452631040
1560000004485964032
1560000004519296768
1560000004552630784
1560000004585964032
1560000004619298048
1560000004652631040
1560000004685964032
1560000004719297792
1560000004752631040
1560000004785964032
1560000004819298048
1560000004852631040
1560000004885965056
1560000004919298048
1560000004952526080
1560000004985858816
1560000005019192064
1560000005052526080
1560000005085859072
1560000005119193088
1560000005152525824
1560000005185859072
1560000005219193088
1560000005252526080
1560000005285860096
1560000005319192832
1560000005352525824
1560000005385859840
1560000005419193088
1560000005452471040
1560000005485805056
1560000005519138048
1560000005552471040
1560000005585805056
1560000005619139072
1560000005652472064
1560000005685805056
1560000005719139072
1560000005752471808
1560000005785805824
1560000005819139072
1560000005852472064
1560000005885806080
1560000005919138816
1560000005952532992
1560000005985867008
1560000006019200000
1560000006052532992
1560000006085867008
1560000006119200000
1560000006152534016
1560000006185867008
1560000006219200000
1560000006252534016
1560000006285867008
1560000006319201024
1560000006352534016
1560000006385867008
1560000006419201024
1560000006452450048
1560000006485783040
1560000006519117056
1560000006552450048
1560000006585783040
1560000006619117056
1560000006652450048
1560000006685784064
1560000006719116800
1560000006752450048
1560000006785784064
1560000006819118080
1560000006852451072
1560000006885783808
1560000006919117824
1560000006952366080
1560000006985698816
1560000007019032064
1560000007052366080
1560000007085700096
1560000007119033088
1560000007152365824
1560000007185699072
1560000007219033088
1560000007252367104
1560000007285700096
1560000007319032832
1560000007352366848
1560000007385700096
1560000007419034112
1560000007452441856
1560000007485775104
1560000007519109120
1560000007552442112
1560000007585774848
1560000007619108864
1560000007652441856
1560000007685775872
1560000007719109120
1560000007752441856
1560000007785775872
1560000007819108864
1560000007852442880
1560000007885776128
1560000007919109120
1560000007952346112
1560000007985680128
1560000008019012864
1560000008052346880
1560000008085680128
1560000008119013120
1560000008152347136
1560000008185679872
1560000008219013888
1560000008252346880
1560000008285680896
1560000008319014144
1560000008352346880
1560000008385680896
1560000008419013888
1560000008452336128
1560000008485668864
1560000008519002880
1560000008552335872
1560000008585669888
1560000008619003136
1560000008652335872
1560000008685669888
1560000008719002880
1560000008752336896
1560000008785670144
1560000008819003136
1560000008852336896
1560000008885669888
1560000008919003136
1560000008952334848
1560000008985668864
1560000009019001856
1560000009052335872
1560000009085669120
1560000009119002112
1560000009152335872
1560000009185668864
1560000009219002112
1560000009252336128
1560000009285669120
1560000009319003136
1560000009352335872
1560000009385669120
1560000009419003136
1560000009452284160
1560000009485616896
1560000009518950912
1560000009552283904
1560000009585617920
1560000009618951168
1560000009652283904
1560000009685617920
1560000009718950912
1560000009752284928
1560000009785618176
1560000009818950912
1560000009852284928
1560000009885617920
1560000009918951936
1560000009952222976
1560000009985556992
1560000010018889984
1560000010052224000
1560000010085556992
1560000010118889984
1560000010152224000
1560000010185556992
1560000010218891008
1560000010252224000
1560000010285558016
1560000010318891008
1560000010352224000
1560000010385558016
1560000010418891008
1560000010452312064
1560000010485646080
1560000010518979072
1560000010552311808
1560000010585645056
1560000010618979072
1560000010652313088
1560000010685646080
1560000010718978816
1560000010752312064
1560000010785646080
1560000010818980096
1560000010852313088
1560000010885646080
1560000010918978816
1560000010952251904
1560000010985584896
1560000011018918912
1560000011052252160
1560000011085585152
1560000011118918912
1560000011152251904
1560000011185585920
1560000011218918912
1560000011252252160
1560000011285586176
1560000011318918912
1560000011352252928
1560000011385585920
1560000011418919168
1560000011452253184
1560000011485537024
1560000011518871040
1560000011552203776
1560000011585537792
1560000011618871040
1560000011652204032
1560000011685538048
1560000011718871040
1560000011752204800
1560000011785538048
1560000011818871040
1560000011852205056
1560000011885538048
1560000011918872064
1560000011952205056
1560000011985517056
1560000012018851072
1560000012052184064
1560000012085517824
1560000012118851072
1560000012152184064
1560000012185518080
1560000012218851072
1560000012252185088
1560000012285517824
1560000012318851072
1560000012352185088
1560000012385518080
1560000012418852096
1560000012452184832
1560000012485498880
1560000012518831872
1560000012552165888
1560000012585499904
1560000012618833152
1560000012652165888
1560000012685499904
1560000012718832896
1560000012752166912
1560000012785500160
1560000012818833152
1560000012852166912
1560000012885499904
1560000012918832896
1560000012952166912
1560000012985491968
1560000013018825984
1560000013052158976
1560000013085491968
1560000013118825984
1560000013152158976
1560000013185492992
1560000013218825984
1560000013252159232
1560000013285492992
1560000013318825984
1560000013352160000
1560000013385492992
1560000013418825984
1560000013452160000
1560000013485449984
1560000013518782976
1560000013552115968
1560000013585449984
1560000013618782976
1560000013652116992
1560000013685449984
1560000013718782976
1560000013752116992
1560000013785449984
1560000013818784000
1560000013852116992
1560000013885449984
1560000013918784000
1560000013952116992
1560000013985460992
1560000014018793984
1560000014052126976
1560000014085460992
1560000014118793984
1560000014152128000
1560000014185460992
1560000014218793984
1560000014252128000
1560000014285460992
1560000014318793984
1560000014352128000
1560000014385460992
1560000014418795008
1560000014452128000
1560000014485414144
1560000014518747136
1560000014552081152
1560000014585413888
1560000014618746880
1560000014652080896
1560000014685414144
1560000014718748160
1560000014752080896
1560000014785413888
1560000014818747904
1560000014852081152
1560000014885415168
1560000014918747904
1560000014952080896
1560000014985407232
1560000015018740992
1560000015052073984
1560000015085406976
1560000015118740992
1560000015152073984
1560000015185408000
1560000015218740992
1560000015252073984
1560000015285408000
1560000015318740992
1560000015352075008
1560000015385408000
1560000015418740992
1560000015452075008
1560000015485361152
1560000015518693888
1560000015552026880
1560000015585360896
1560000015618694144
1560000015652028160
1560000015685360896
1560000015718693888
1560000015752027904
1560000015785361152
1560000015818695168
1560000015852027904
1560000015885360896
1560000015918694144
1560000015952028160
1560000015985348096
1560000016018681088
1560000016052014080
1560000016085347840
1560000016118680832
1560000016152014080
1560000016185348096
1560000016218681088
1560000016252015104
1560000016285347840
1560000016318681088
1560000016352015104
1560000016385348096
1560000016418682112
1560000016452014848
1560000016485394944
1560000016518728960
1560000016552061952
1560000016585395968
1560000016618729216
1560000016652061952
1560000016685395968
1560000016718728960
1560000016752062976
1560000016785396224
1560000016818728960
1560000016852062976
1560000016885395968
1560000016918729984
1560000016952062976
1560000016985356032
1560000017018689024
1560000017052023040
1560000017085356032
1560000017118690048
1560000017152023040
1560000017185355776
1560000017218689792
1560000017252023040
1560000017285357056
1560000017318690048
1560000017352022784
1560000017385356800
1560000017418690048
1560000017452024064
1560000017485374976
1560000017518708992
1560000017552041984
1560000017585376000
1560000017618708992
1560000017652041984
1560000017685376000
1560000017718708992
1560000017752043008
1560000017785376000
1560000017818708992
1560000017852043008
1560000017885376000
1560000017918710016
1560000017952043008
1560000017985291008
1560000018018624000
1560000018051958016
1560000018085291008
1560000018118624000
1560000018151958016
1560000018185291008
1560000018218625024
1560000018251958016
1560000018285291008
1560000018318625024
1560000018351958016
1560000018385292032
1560000018418625024
1560000018451958016
1560000018485241856
1560000018518574848
1560000018551908096
1560000018585242112
1560000018618575104
1560000018651909120
1560000018685241856
1560000018718575104
1560000018751909120
1560000018785242112
1560000018818576128
1560000018851908864
1560000018885242112
1560000018918576128
1560000018951909120
1560000018985280000
1560000019018614016
1560000019051947008
1560000019085280000
1560000019118614016
1560000019151947008
1560000019185281024
1560000019218614016
1560000019251947008
1560000019285281024
1560000019318614016
1560000019351948032
1560000019385281024
1560000019418614016
1560000019451948032
1560000019485212160
1560000019518544896
1560000019551878912
1560000019585211904
1560000019618545920
1560000019651879168
1560000019685211904
1560000019718545920
1560000019751878912
1560000019785212928
1560000019818546176
1560000019851878912
1560000019885212928
1560000019918545920
1560000019951879936
1560000019985249024
1560000020018582016
1560000020051915776
1560000020085249024
1560000020118582016
1560000020151916032
1560000020185249024
1560000020218583040
1560000020251916032
1560000020285249024
1560000020318583040
1560000020351916032
1560000020385250048
1560000020418583040
1560000020451916032
1560000020485160192
1560000020518493952
1560000020551826944
1560000020585160960
1560000020618493952
1560000020651827200
1560000020685161216
1560000020718493952
1560000020751827968
1560000020785160960
1560000020818494208
1560000020851828224
1560000020885160960
1560000020918494976
1560000020951827968
1560000020985163008
1560000021018496000
1560000021051830016
1560000021085163008
1560000021118496000
1560000021151830016
1560000021185163008
1560000021218497024
1560000021251830016
1560000021285163008
1560000021318497024
1560000021351830016
1560000021385164032
1560000021418497024
1560000021451830016
1560000021485137920
1560000021518471936
1560000021551804928
1560000021585138176
1560000021618472192
1560000021651804928
1560000021685138944
1560000021718471936
1560000021751805184
1560000021785139200
1560000021818471936
1560000021851805952
1560000021885138944
1560000021918472960
1560000021951805952
1560000021985097984
1560000022018430976
1560000022051763968
1560000022085097984
1560000022118430976
1560000022151764992
1560000022185097984
1560000022218430976
1560000022251764992
1560000022285097984
1560000022318432000
1560000022351764992
1560000022385097984
1560000022418432000
1560000022451764992
1560000022485122048
1560000022518456064
1560000022551789056
1560000022585123072
1560000022618455808
1560000022651789056
1560000022685122048
1560000022718456064
1560000022751790080
1560000022785123072
1560000022818455808
1560000022851789056
1560000022885123072
1560000022918457088
1560000022951790080
1560000022985068032
1560000023018402048
1560000023051735040
1560000023085068032
1560000023118402048
1560000023151735040
1560000023185069056
1560000023218401792
1560000023251735040
1560000023285069056
1560000023318402048
1560000023351736064
1560000023385068800
1560000023418402048
1560000023451736064
1560000023485047040
1560000023518381056
1560000023551714048
1560000023585048064
1560000023618381056
1560000023651714048
1560000023685048064
1560000023718381056
1560000023751715072
1560000023785048064
1560000023818381056
1560000023851715072
1560000023885047808
1560000023918381824
1560000023951715072
1560000023985060864
1560000024018394880
1560000024051728128
1560000024085062144
1560000024118395136
1560000024151727872
1560000024185060864
1560000024218394880
1560000024251728896
1560000024285062144
1560000024318396160
1560000024351728896
1560000024385061888
1560000024418395904
1560000024451729152
1560000024485001984
1560000024518336000
1560000024551668992
1560000024585001984
1560000024618336000
1560000024651668992
1560000024685003008
1560000024718336000
1560000024751668992
1560000024785003008
1560000024818336000
1560000024851670016
1560000024885003008
1560000024918336000
1560000024951670016
1560000024984966912
1560000025018300928
1560000025051634176
1560000025084968192
1560000025118300928
1560000025151633920
1560000025184967936
1560000025218301184
1560000025251635200
1560000025284967936
1560000025318300928
1560000025351634944
1560000025384967936
1560000025418301952
1560000025451634944
1560000025485094912
1560000025518428160
1560000025551760896
1560000025585094912
1560000025618427904
1560000025651761920
1560000025685095168
1560000025718427904
1560000025751761920
1560000025785094912
1560000025818428928
1560000025851762176
1560000025885094912
1560000025918428928
1560000025951761920
1560000025984941056
1560000026018274048
1560000026051608064
1560000026084940800
1560000026118274048
1560000026151608064
1560000026184941056
1560000026218275072
1560000026251607808
1560000026284941056
1560000026318275072
1560000026351608064
1560000026384942080
1560000026418275072
1560000026451608064
1560000026484983040
1560000026518317056
1560000026551650048
1560000026584983040
1560000026618316800
1560000026651650048
1560000026684984064
1560000026718317056
1560000026751650048
1560000026784984064
1560000026818317056
1560000026851651072
1560000026884984064
1560000026918317056
1560000026951651072
1560000026985033984
1560000027018368000
1560000027051700992
1560000027085033984
1560000027118368000
1560000027151700992
1560000027185035008
1560000027218368000
1560000027251700992
1560000027285035008
1560000027318368000
1560000027351700992
1560000027385035008
1560000027418368000
1560000027451702016
1560000027484916992
1560000027518251008
1560000027551584000
1560000027584918016
1560000027618251008
1560000027651584000
1560000027684918016
1560000027718251008
1560000027751585024
1560000027784918016
1560000027818251008
1560000027851585024
1560000027884918016
1560000027918252032
1560000027951585024
1560000027984915968
1560000028018248960
1560000028051582976
1560000028084916224
1560000028118248960
1560000028151582976
1560000028184915968
1560000028218249984
1560000028251582976
1560000028284915968
1560000028318249984
1560000028351582976
1560000028384916992
1560000028418249984
1560000028451582976
1560000028484980992
1560000028518313984
1560000028551648000
1560000028584980992
1560000028618315008
1560000028651648000
1560000028684980992
1560000028718315008
1560000028751648000
1560000028784982016
1560000028818315008
1560000028851648000
1560000028884982016
1560000028918315008
1560000028951649024
1560000028984918016
1560000029018251776
1560000029051585024
1560000029084918016
1560000029118252032
1560000029151585024
1560000029184919040
1560000029218252032
1560000029251585024
1560000029284919040
1560000029318252032
1560000029351586048
1560000029384919040
1560000029418252032
1560000029451586048
1560000029484894976
1560000029518228992
1560000029551561984
1560000029584896000
1560000029618228992
1560000029651561984
1560000029684896000
1560000029718228992
1560000029751563008
1560000029784896000
1560000029818228992
1560000029851563008
1560000029884896000
1560000029918230016
1560000029951563008
1560000029984801024
1560000030018135040
1560000030051467776
1560000030084801024
1560000030118135040
1560000030151468032
1560000030184802048
1560000030218135040
1560000030251468032
1560000030284802048
1560000030318135040
1560000030351469056
1560000030384802048
1560000030418135040
1560000030451469056
1560000030484802048
1560000030518060032
1560000030551394048
1560000030584727040
1560000030618061056
1560000030651393792
1560000030684727040
1560000030718061056
1560000030751394048
1560000030784728064
1560000030818061056
1560000030851394048
1560000030884728064
1560000030918061056
1560000030951395072
1560000030984728064
1560000031018074112
1560000031051408128
1560000031084741120
1560000031118073856
1560000031151407104
1560000031184741120
1560000031218075136
1560000031251408128
1560000031284740864
1560000031318074112
1560000031351408128
1560000031384742144
1560000031418075136
1560000031451407872
1560000031484740864
1560000031518130944
1560000031551464960
1560000031584798208
1560000031618132224
1560000031651464960
1560000031684797952
1560000031718131968
1560000031751464960
1560000031784798976
1560000031818131968
1560000031851464960
1560000031884798976
1560000031918131968
1560000031951465984
1560000031984798976
1560000032018163968
1560000032051496960
1560000032084829952
1560000032118163968
1560000032151496960
1560000032184830976
1560000032218163968
1560000032251496960
1560000032284830976
1560000032318164224
1560000032351497984
1560000032384830976
1560000032418163968
1560000032451497984
1560000032484830976
1560000032518067968
1560000032551400960
1560000032584734976
1560000032618067968
1560000032651400960
1560000032684734976
1560000032718067968
1560000032751401984
1560000032784734976
1560000032818067968
1560000032851401984
1560000032884735232
1560000032918068992
1560000032951401984
1560000032984734976
1560000033018043904
1560000033051377152
1560000033084709888
1560000033118042880
1560000033151376896
1560000033184710912
1560000033218044160
1560000033251377152
1560000033284709888
1560000033318043904
1560000033351376896
1560000033384710912
1560000033418044160
1560000033451376896
1560000033484710912
1560000033517997056
1560000033551331072
1560000033584664064
1560000033617997824
1560000033651331072
1560000033684664064
1560000033717998080
1560000033751331072
1560000033784665088
1560000033817997824
1560000033851331072
1560000033884665088
1560000033917998080
1560000033951332096
1560000033984664832
1560000034017996032
1560000034051330048
1560000034084663040
1560000034117996032
1560000034151330048
1560000034184663040
1560000034217997056
1560000034251329792
1560000034284663040
1560000034317997056
1560000034351330048
1560000034384664064
1560000034417996800
1560000034451330048
1560000034484664064
1560000034517997056
1560000034551330048
1560000034584664064
1560000034617997056
1560000034651330048
1560000034684664064
1560000034717997056
1560000034751331072
1560000034784663808
1560000034817997056
1560000034851331072
1560000034884664064
1560000034917998080
1560000034951330816
1560000034984664064
1560000035017949952
1560000035051282944
1560000035084615936
1560000035117949952
1560000035151283968
1560000035184616960
1560000035217950208
1560000035251282944
1560000035284616960
1560000035317949952
1560000035351283968
1560000035384617216
1560000035417949952
1560000035451283968
1560000035484616960
1560000035517895936
1560000035551228928
1560000035584562944
1560000035617896192
1560000035651228928
1560000035684562944
1560000035717895936
1560000035751229952
1560000035784562944
1560000035817895936
1560000035851229952
1560000035884562944
1560000035917896960
1560000035951229952
1560000035984563200
1560000036017911808
1560000036051245824
1560000036084579072
1560000036117912064
1560000036151246080
1560000036184578816
1560000036217912064
1560000036251246080
1560000036284579072
1560000036317913088
1560000036351246080
1560000036384578816
1560000036417913088
1560000036451246080
1560000036484580096
1560000036517896960
1560000036551230976
1560000036584563968
1560000036617897984
1560000036651230976
1560000036684564224
1560000036717897984
1560000036751230976
1560000036784563968
1560000036817897984
1560000036851230976
1560000036884564992
1560000036917897984
1560000036951230976
1560000036984564992
1560000037017808896
1560000037051141888
1560000037084475904
1560000037117809152
1560000037151141888
1560000037184475904
1560000037217808896
1560000037251142912
1560000037284476160
1560000037317809152
1560000037351142912
1560000037384475904
1560000037417808896
1560000037451142912
1560000037484476160
1560000037517860864
1560000037551193856
1560000037584527104
1560000037617861120
1560000037651194112
1560000037684528128
1560000037717860864
1560000037751194112
1560000037784528128
1560000037817861120
1560000037851195136
1560000037884527872
1560000037917860864
1560000037951194880
1560000037984528128
1560000038017828864
1560000038051162112
1560000038084496128
1560000038117829120
1560000038151163136
1560000038184495872
1560000038217829888
1560000038251162880
1560000038284496128
1560000038317830144
1560000038351162880
1560000038384496896
1560000038417829888
1560000038451163136
1560000038484497152
1560000038517852160
1560000038551184896
1560000038584518912
1560000038617851904
1560000038651185152
1560000038684519168
1560000038717852160
1560000038751185920
1560000038784518912
1560000038817851904
1560000038851185920
1560000038884519168
1560000038917853184
1560000038951185920
1560000038984518912
1560000039017787904
1560000039051120896
1560000039084454912
1560000039117788160
1560000039151120896
1560000039184454912
1560000039217787904
1560000039251121920
1560000039284455168
1560000039317787904
1560000039351121920
1560000039384454912
1560000039417788928
1560000039451121920
1560000039484455168
1560000039517818880
1560000039551151872
1560000039584485888
1560000039617819136
1560000039651153152
1560000039684485888
1560000039717818880
1560000039751152896
1560000039784486144
1560000039817820160
1560000039851152896
1560000039884485888
1560000039917819904
1560000039951153152
1560000039984487168
1560000040017696000
1560000040051028992
1560000040084361984
1560000040117696000
1560000040151028992
1560000040184363008
1560000040217696000
1560000040251028992
1560000040284363008
1560000040317696000
1560000040351030016
1560000040384363008
1560000040417696000
1560000040451030016
1560000040484363008
1560000040517756928
1560000040551089920
1560000040584423936
1560000040618788864
1560000040652320000
1560000040686023936
1560000040719415808
1560000040752877056
1560000040786524160
1560000040819695104
1560000040853167104
1560000040886708992
1560000040919868928
1560000040953340928
1560000040986964992
1560000041019964928
1560000041053483008
1560000041087059968
1560000041120115968
1560000041153669120
1560000041187200000
1560000041220290048
1560000041253819904
1560000041287431936
1560000041320395008
1560000041353948160
1560000041387536896
1560000041420510976
1560000041454052864
1560000041487641088
1560000041520687104
1560000041554228992
1560000041587805952
1560000041620791040
1560000041654333952
1560000041687910912
1560000041720827136
1560000041754426112
1560000041788014848
1560000041820920064
1560000041854461952
1560000041888097024
1560000041920965888
1560000041954531072
1560000041988142848
1560000042020990976
1560000042054533120
1560000042088155904
1560000042121048832
1560000042154603008
1560000042188215040
1560000042221106944
1560000042254661120
1560000042288319232
1560000042321246976
1560000042354777088
1560000042388446976
1560000042421304832
1560000042454894080
1560000042488517120
1560000042521367040
1560000042554920960
1560000042588613888
1560000042621530112
1560000042655072000
1560000042688764928
1560000042721623040
1560000042755152896
1560000042788835072
1560000042821762048
1560000042855246080
1560000042888963072
1560000042921854976
1560000042955363072
1560000042989054976
1560000043021893120
1560000043055435008
1560000043089139968
1560000043121985792
1560000043155482112
1560000043189220864
1560000043222102016
1560000043255563008
1560000043289267968
1560000043322125056
1560000043355621120
1560000043389291008
1560000043422172160
1560000043455645184
1560000043489337856
1560000043522212864
1560000043555592960
1560000043589308928
1560000043622212864
1560000043655604992
1560000043689308928
1560000043722224896
1560000043755547136
1560000043789309952
1560000043822236928
1560000043855546880
1560000043889309952
1560000043922248960
1560000043955489024
1560000043989264128
1560000044022252032
1560000044055447040
1560000044089255168
1560000044122263808
1560000044155447040
1560000044189266944
1560000044222264064
1560000044255459072
1560000044289221120
1560000044322264832
1560000044355354112
1560000044389198080
1560000044422230016
1560000044455319808
1560000044489164032
1560000044522195968
1560000044555286016
1560000044589128960
1560000044622219008
1560000044655193088
1560000044689084160
1560000044722208000
1560000044755147008
1560000044789060096
1560000044822161920
1560000044855112960
1560000044888967936
1560000044922127104
1560000044955031040
1560000044988922112
1560000045022053888
1560000045054935040
1560000045088849152
1560000045122008064
1560000045154830848
1560000045188744960
1560000045221961984
1560000045254797056
1560000045288697856
1560000045321938944
1560000045354681088
1560000045388593920
1560000045421822976
1560000045454633984
1560000045488502016
1560000045521800960
1560000045554565888
1560000045588421120
1560000045621708032
1560000045654438912
1560000045688317184
1560000045721661952
1560000045754345984
1560000045788189952
1560000045821558016
1560000045854299904
1560000045888109056
1560000045921442048
1560000045954195968
1560000045987934976
1560000046021347072
1560000046054054144
1560000046087827968
1560000046121277952
1560000046153996032
1560000046187747072
1560000046221208064
1560000046253997056
1560000046287700992
1560000046321208064
1560000046354032128
1560000046387700992
1560000046421231872
1560000046454042880
1560000046487725056
1560000046521250048
1560000046554061056
1560000046587742208
1560000046621260800
1560000046654083840
1560000046687685120
1560000046721262080
1560000046754107904
1560000046787695872
1560000046821285120
1560000046854119936
1560000046887720192
1560000046921297152
1560000046954142976
1560000046987731968
1560000047021317120
1560000047054162944
1560000047087683072
1560000047121318144
1560000047154187008
1560000047187683072
1560000047221340928
1560000047254199040
1560000047287636992
1560000047321340928
1560000047354163968
1560000047387624960
1560000047421307136
1560000047454222080
1560000047487544064
1560000047521206016
1560000047554064128
1560000047587419904
1560000047621135872
1560000047654087168
1560000047687362048
1560000047721078016
1560000047754029056
1560000047787223040
1560000047821008896
1560000047853982976
1560000047887154176
1560000047920963072
1560000047953913088
1560000047987096064
1560000048020914176
1560000048053875968
1560000048086977024
1560000048120774912
1560000048153806848
1560000048186918912
1560000048220717056
1560000048253748992
1560000048286768896
1560000048320636160
1560000048353691136
1560000048386688000
1560000048420507904
1560000048453609984
1560000048486653184
1560000048519869184
1560000048552993024
1560000048585921024
1560000048619729920
1560000048652911872
1560000048685862912
1560000048719660032
1560000048752866048
1560000048785701120
1560000048819510016
1560000048852704000
1560000048885630976
1560000048919371008
1560000048952622848
1560000048985504000
1560000049052804864
1560000049085743872
1560000049119390976
1560000049152723968
1560000049185616896
1560000049219297792
1560000049252608000
1560000049285512960
1560000049319101184
1560000049352400128
1560000049385396992
1560000049418916096
1560000049452271872
1560000049485316096
1560000049518800128
1560000049551660032
1560000049584656896
1560000049618164992
1560000049651451136
1560000049684540928
1560000049717978880
1560000049751323904
1560000049784460032
1560000049817758976
1560000049851207936
1560000049883323904
1560000049916656896
1560000049949990912
1560000049983324160
1560000050016657152
1560000050050673920
1560000050084006912
1560000050117340928
1560000050150674176
1560000050184007936
1560000050217340928
1560000050250673920
1560000050284007936
1560000050317341952
1560000050350675200
1560000050384007936
1560000050417340928
1560000050450674944
1560000050484008960
1560000050517342208
1560000050550638080
1560000050583972096
1560000050617305088
1560000050650638080
1560000050683971840
1560000050717304832
1560000050750638080
1560000050783972096
1560000050817305088
1560000050850639104
1560000050883971840
1560000050917305088
1560000050950639104
1560000050983972096
1560000051017306112
1560000051050595072
1560000051083928064
1560000051117261056
1560000051150595072
1560000051183928064
1560000051217262080
1560000051250595072
1560000051283927808
1560000051317261824
1560000051350595072
1560000051383929088
1560000051417262080
1560000051450596096
1560000051483928832
1560000051517262080
1560000051550556928
1560000051583889920
1560000051617223936
1560000051650556928
1560000051683890176
1560000051717223936
1560000051750556928
1560000051783890944
1560000051817223936
1560000051850557184
1560000051883891200
1560000051917223936
1560000051950557952
1560000051983890944
1560000052017224192
1560000052050576896
1560000052083910912
1560000052117243904
1560000052150577152
1560000052183911168
1560000052217243904
1560000052250577920
1560000052283910912
1560000052317244160
1560000052350578176
1560000052383910912
1560000052417244928
1560000052450577920
1560000052483910912
1560000052517244928
1560000052550576896
1560000052583910912
1560000052617243904
1560000052650577152
1560000052683911168
1560000052717243904
1560000052750577920
1560000052783910912
1560000052817244160
1560000052850578176
1560000052883910912
1560000052917244928
1560000052950577920
1560000052983910912
1560000053017244928
1560000053050555904
1560000053083889920
1560000053117223936
1560000053150556928
1560000053183890176
1560000053217222912
1560000053250556928
1560000053283889920
1560000053317223936
1560000053350557184
1560000053383889920
1560000053417223936
1560000053450556928
1560000053483890944
1560000053517224192
1560000053550530816
1560000053583864832
1560000053617198080
1560000053650532096
1560000053683865088
1560000053717197824
1560000053750531840
1560000053783865088
1560000053817199104
1560000053850532096
1560000053883865088
1560000053917198848
1560000053950531840
1560000053983865088
1560000054017199104
1560000054050481920
1560000054083815168
1560000054117147904
1560000054150481920
1560000054183814912
1560000054217148928
1560000054250482176
1560000054283814912
1560000054317148928
1560000054350481920
1560000054383815936
1560000054417149184
1560000054450481920
1560000054483815936
1560000054517148928
1560000054550539008
1560000054583872000
1560000054617206016
1560000054650539008
1560000054683872000
1560000054717206016
1560000054750539008
1560000054783873024
1560000054817206016
1560000054850539008
1560000054883873024
1560000054917206016
1560000054950540032
1560000054983872768
1560000055017206016
1560000055050560000
1560000055083894016
1560000055117227008
1560000055150560000
1560000055183892992
1560000055217227008
1560000055250561024
1560000055283894016
1560000055317227008
1560000055350561024
1560000055383894016
1560000055417228032
1560000055450561024
1560000055483894016
1560000055517227776
1560000055550405888
1560000055583739136
1560000055617073152
1560000055650405888
1560000055683738880
1560000055717072896
1560000055750406144
1560000055783740160
1560000055817073152
1560000055850405888
1560000055883739904
1560000055917072896
1560000055950406912
1560000055983740160
1560000056017072896
1560000056050395136
1560000056083728128
1560000056117062144
1560000056150394880
1560000056183727872
1560000056217061888
1560000056250395136
1560000056283727872
1560000056317061888
1560000056350394880
1560000056383728896
1560000056417062144
1560000056450396160
1560000056483728896
1560000056517061888
1560000056550400000
1560000056583732992
1560000056617067008
1560000056650400000
1560000056683732992
1560000056717067008
1560000056750400000
1560000056783734016
1560000056817067008
1560000056850400000
1560000056883734016
1560000056917067008
1560000056950401024
1560000056983734016
1560000057017068032
1560000057050352128
1560000057083684864
1560000057117018112
1560000057150352128
1560000057183685120
1560000057217019136
1560000057250351872
1560000057283684864
1560000057317018880
1560000057350352128
1560000057383686144
1560000057417018880
1560000057450351872
1560000057483685888
1560000057517019136
1560000057550294016
1560000057583628032
1560000057616961024
1560000057650295040
1560000057683628032
1560000057716961024
1560000057750295040
1560000057783628032
1560000057816962048
1560000057850295040
1560000057883627776
1560000057916961792
1560000057950295040
1560000057983629056
1560000058016962048
1560000058050356992
1560000058083689984
1560000058117022976
1560000058150356992
1560000058183689984
1560000058217024000
1560000058250356992
1560000058283689984
1560000058317024000
1560000058350356992
1560000058383691008
1560000058417024000
1560000058450356992
1560000058483691008
1560000058517024000
1560000058550283008
1560000058583616000
1560000058616950016
1560000058650283008
1560000058683617024
1560000058716950016
1560000058750283008
1560000058783617024
1560000058816950016
1560000058850284032
1560000058883617024
1560000058916950016
1560000058950284032
1560000058983617024
1560000059016951040
1560000059050308096
1560000059083642112
1560000059116975104
1560000059150307840
1560000059183641856
1560000059216974848
1560000059250308864
1560000059283642112
1560000059316975104
1560000059350308864
1560000059383641856
1560000059416975104
1560000059450309120
1560000059483642112
1560000059516976128
1560000059550307072
1560000059583641088
1560000059616974080
1560000059650307840
1560000059683640832
1560000059716974080
1560000059750308096
1560000059783641088
1560000059816975104
1560000059850307840
1560000059883641088
1560000059916975104
1560000059950308096
1560000059983642112
1560000060016974848
1560000060050292992
1560000060083627008
1560000060116960000
1560000060150292992
1560000060183627008
1560000060216960000
1560000060250294016
1560000060283627008
1560000060316960000
1560000060350294016
1560000060383627008
1560000060416961024
1560000060450294016
1560000060483628032
1560000060516961024
1560000060550237952
1560000060583570944
1560000060616903936
1560000060650237952
1560000060683571200
1560000060716905216
1560000060750237952
1560000060783570944
1560000060816904960
1560000060850238208
1560000060883572224
1560000060916904960
1560000060950237952
1560000060983571968
1560000061016904960
1560000061050280192
1560000061083614208
1560000061116946944
1560000061150279936
1560000061183613952
1560000061216947200
1560000061250281216
1560000061283613952
1560000061316946944
1560000061350280960
1560000061383613952
1560000061416947968
1560000061450280960
1560000061483613952
1560000061516947968
1560000061550199040
1560000061583533056
1560000061616866048
1560000061650199040
1560000061683533056
1560000061716866048
1560000061750200064
1560000061783533056
1560000061816866048
1560000061850200064
1560000061883533056
1560000061916867072
1560000061950200064
1560000061983532800
1560000062016866816
1560000062050235136
1560000062083569152
1560000062116902144
1560000062150235904
1560000062183568896
1560000062216902144
1560000062250236160
1560000062283569152
1560000062316903168
1560000062350235904
1560000062383568896
1560000062416902912
1560000062450236160
1560000062483570176
1560000062516902912
1560000062550228992
1560000062583561984
1560000062616896000
1560000062650228992
1560000062683563008
1560000062716896000
1560000062750228992
1560000062783563008
1560000062816896000
1560000062850230016
1560000062883563008
1560000062916896000
1560000062950229760
1560000062983563008
1560000063016896000
1560000063050221824
1560000063083555072
1560000063116889088
1560000063150222080
1560000063183554816
1560000063216888832
1560000063250222080
1560000063283556096
1560000063316889088
1560000063350222080
1560000063383555840
1560000063416888832
1560000063450222848
1560000063483556096
1560000063516889088
1560000063550141184
1560000063583473920
1560000063616806912
1560000063650140928
1560000063683474176
1560000063716806912
1560000063750140928
1560000063783473920
1560000063816807936
1560000063850140928
1560000063883474176
1560000063916807936
1560000063950140928
1560000063983473920
1560000064016807936
1560000064050194944
1560000064083527936
1560000064116861184
1560000064150194944
1560000064183527936
1560000064216861952
1560000064250194944
1560000064283528960
1560000064316862208
1560000064350194944
1560000064383528960
1560000064416861952
1560000064450195968
1560000064483529216
1560000064516861952
1560000064550096896
1560000064583430912
1560000064616764160
1560000064650098176
1560000064683430912
1560000064716763904
1560000064750097920
1560000064783431168
1560000064816765184
1560000064850097920
1560000064883430912
1560000064916764928
1560000064950097920
1560000064983431936
1560000065016765184
1560000065050081024
1560000065083415040
1560000065116748032
1560000065150082048
1560000065183415040
1560000065216748032
1560000065250082048
1560000065283415040
1560000065316749056
1560000065350082048
1560000065383415040
1560000065416749056
1560000065450082048
1560000065483416064
1560000065516748800
1560000065550030080
1560000065583363072
1560000065616697088
1560000065650029824
1560000065683363072
1560000065716697088
1560000065750030080
1560000065783364096
1560000065816696832
1560000065850029824
1560000065883363840
1560000065916697088
1560000065950031104
1560000065983364096
1560000066016696832
1560000066050050048
1560000066083383040
1560000066116717056
1560000066150050048
1560000066183383040
1560000066216717056
1560000066250050048
1560000066283382784
1560000066316716800
1560000066350050048
1560000066383384064
1560000066416717056
1560000066450050048
1560000066483383808
1560000066516717056
1560000066550003968
1560000066583336960
1560000066616669952
1560000066650003968
1560000066683336960
1560000066716670976
1560000066750003968
1560000066783337216
1560000066816670976
1560000066850003968
1560000066883337984
1560000066916670976
1560000066950004224
1560000066983338240
1560000067016670976
1560000067050003968
1560000067083336960
1560000067116670976
1560000067150003968
1560000067183336960
1560000067216670976
1560000067250003968
1560000067283337984
1560000067316670976
1560000067350003968
1560000067383337984
1560000067416670976
1560000067450004992
1560000067483338240
1560000067516670976
1560000067550004992
1560000067582499072
1560000067615832064
1560000067649166080
1560000067682498816
1560000067715832064
1560000067749166080
1560000067782499072
1560000067815833088
1560000067849165824
1560000067882499072
1560000067915833088
1560000067949166080
1560000067982500096
1560000068015832832
1560000068049166080
1560000068083257856
1560000068116591104
1560000068149925120
1560000068183258112
1560000068216590848
1560000068249924864
1560000068283257856
1560000068316591872
1560000068349925120
1560000068383258112
1560000068416591872
1560000068449924864
1560000068483258112
1560000068516592128
1560000068549925120
1560000068583229184
1560000068616563200
1560000068649895936
1560000068683228928
1560000068716562944
1560000068749895936
1560000068783229952
1560000068816562944
1560000068849895936
1560000068883229952
1560000068916562944
1560000068949896960
1560000068983230208
1560000069016562944
1560000069049896960
1560000069083149056
1560000069116483072
1560000069149817088
1560000069183150080
1560000069216483072
1560000069249816064
1560000069283150080
1560000069316483072
1560000069349817088
1560000069383150080
1560000069416482816
1560000069449816832
1560000069483150080
1560000069516484096
1560000069549817088
1560000069583175936
1560000069616509952
1560000069649842944
1560000069683176960
1560000069716509952
1560000069749842944
1560000069783176960
1560000069816509952
1560000069849843968
1560000069883176960
1560000069916510208
1560000069949843968
1560000069983176960
1560000070016509952
1560000070049843968
1560000070083152128
1560000070116485120
1560000070149817856
1560000070183151872
1560000070216485120
1560000070249819136
1560000070283152128
1560000070316484864
1560000070349818880
1560000070383152128
1560000070416486144
1560000070449819136
1560000070483151872
1560000070516485888
1560000070549818880
1560000070583184128
1560000070616518144
1560000070649851136
1560000070683185152
1560000070716517888
1560000070749850880
1560000070783184896
1560000070816518144
1560000070849852160
1560000070883184896
1560000070916517888
1560000070949851904
1560000070983185152
1560000071016519168
1560000071049851904
1560000071083170048
1560000071116503040
1560000071149837056
1560000071183170048
1560000071216504064
1560000071249836800
1560000071283170048
1560000071316504064
1560000071349837056
1560000071383171072
1560000071416503808
1560000071449837056
1560000071483171072
1560000071516504064
1560000071549838080
1560000071583142912
1560000071616476928
1560000071649810176
1560000071683144192
1560000071716476928
1560000071749809920
1560000071783143936
1560000071816477184
1560000071849811200
1560000071883143936
1560000071916476928
1560000071949810944
1560000071983143936
1560000072016477952
1560000072049810944
1560000072083070976
1560000072116404992
1560000072149739008
1560000072183072000
1560000072216404992
1560000072249737984
1560000072283072000
1560000072316406016
1560000072349739008
1560000072383072000
1560000072416404992
1560000072449739008
1560000072483073024
1560000072516406016
1560000072549739008
1560000072583100160
1560000072616432896
1560000072649765888
1560000072683099904
1560000072716433152
1560000072749767168
1560000072783099904
1560000072816432896
1560000072849766144
1560000072883100160
1560000072916434176
1560000072949767168
1560000072983099904
1560000073016432896
1560000073049766912
1560000073083020800
1560000073116354048
1560000073149688064
1560000073183021056
1560000073216355072
1560000073249687808
1560000073283021056
1560000073316355072
1560000073349688064
1560000073383022080
1560000073416354816
1560000073449688064
1560000073483022080
1560000073516355072
1560000073549689088
1560000073583049984
1560000073616384000
1560000073649716992
1560000073683051008
1560000073716384000
1560000073749716992
1560000073783051008
1560000073816384000
1560000073849718016
1560000073883051008
1560000073916384000
1560000073949718016
1560000073983051008
1560000074016385024
1560000074049718016
1560000074083095040
1560000074116427776
1560000074149761792
1560000074183095040
1560000074216429056
1560000074249762048
1560000074283094784
1560000074316428800
1560000074349762048
1560000074383096064
1560000074416429056
1560000074449762048
1560000074483095808
1560000074516429056
1560000074549762048
1560000074582967040
1560000074616301056
1560000074649633792
1560000074682967040
1560000074716300032
1560000074749634048
1560000074782967040
1560000074816301056
1560000074849634048
1560000074882967040
1560000074916301056
1560000074949634048
1560000074982968064
1560000075016300800
1560000075049634048
1560000075082955008
1560000075116288000
1560000075149622016
1560000075182955008
1560000075216289024
1560000075249622016
1560000075282955008
1560000075316289024
1560000075349622016
1560000075382956032
1560000075416289024
1560000075449622016
1560000075482956032
1560000075516289024
1560000075549623040
1560000075582967040
1560000075616300032
1560000075649633024
1560000075682967040
1560000075716300032
1560000075749634048
1560000075782967040
1560000075816300032
1560000075849634048
1560000075882967040
1560000075916301056
1560000075949634048
1560000075982966784
1560000076016300800
1560000076049634048
1560000076082967040
1560000076116301056
1560000076149633792
1560000076182967040
1560000076216300032
1560000076249634048
1560000076282967040
1560000076316301056
1560000076349634048
1560000076382967040
1560000076416301056
1560000076449634048
1560000076482968064
1560000076516300800
1560000076549634048
1560000076582914048
1560000076616247808
1560000076649581056
1560000076682914048
1560000076716248064
1560000076749581056
1560000076782915072
1560000076816248064
1560000076849581056
1560000076882915072
1560000076916248064
1560000076949582080
1560000076982914816
1560000077016248064
1560000077049582080
1560000077082868992
1560000077116203008
1560000077149536000
1560000077182868992
1560000077216203008
1560000077249536000
1560000077282870016
1560000077316203008
1560000077349536768
1560000077382870016
1560000077416203008
1560000077449537024
1560000077482870016
1560000077516204032
1560000077549537024
1560000077582864128
1560000077616198144
1560000077649530880
1560000077682863872
1560000077716197888
1560000077749531136
1560000077782865152
1560000077816198144
1560000077849530880
1560000077882864896
1560000077916197888
1560000077949532160
1560000077982865152
1560000078016197888
1560000078049531904
1560000078082834944
1560000078116167936
1560000078149501952
1560000078182835200
1560000078216169216
1560000078249501952
1560000078282834944
1560000078316168960
1560000078349502208
1560000078382836224
1560000078416168960
1560000078449501952
1560000078482835968
1560000078516168960
1560000078549502976
1560000078582885888
1560000078616219904
1560000078649553152
1560000078682885888
1560000078716219904
1560000078749552896
1560000078782886912
1560000078816220160
1560000078849553152
1560000078882886912
1560000078916219904
1560000078949552896
1560000078982886912
1560000079016220160
1560000079049554176
1560000079082792960
1560000079116126976
1560000079149459968
1560000079182792960
1560000079216126976
1560000079249459968
1560000079282793984
1560000079316126976
1560000079349459968
1560000079382793984
1560000079416126976
1560000079449460992
1560000079482793984
1560000079516127232
1560000079549460992
1560000079582750208
1560000079616082944
1560000079649416960
1560000079682749952
1560000079716083968
1560000079749416960
1560000079782750976
1560000079816083968
1560000079849416960
1560000079882750976
1560000079916083968
1560000079949417984
1560000079982750976
1560000080016083968
1560000080049416960
1560000080082750208
1560000080116082944
1560000080149415936
1560000080182749952
1560000080216082944
1560000080249416960
1560000080282749952
1560000080316082944
1560000080349416960
1560000080382749952
1560000080416083968
1560000080449417216
1560000080482749952
1560000080516083968
1560000080549416960
1560000080582776064
1560000080616110080
1560000080649442816
1560000080682776064
1560000080716110080
1560000080749443072
1560000080782777088
1560000080816109824
1560000080849443072
1560000080882776064
1560000080916110080
1560000080949444096
1560000080982777088
1560000081016109824
1560000081049443840
1560000081082685952
1560000081116019968
1560000081149352960
1560000081182686976
1560000081216020224
1560000081249352960
1560000081282686976
1560000081316019968
1560000081349353984
1560000081382686976
1560000081416019968
1560000081449353984
1560000081482686976
1560000081516020992
1560000081549353984
1560000081582680064
1560000081616013056
1560000081649346048
1560000081682679808
1560000081716013056
1560000081749347072
1560000081782680064
1560000081816013056
1560000081849347072
1560000081882680064
1560000081916014080
1560000081949347072
1560000081982680064
1560000082016014080
1560000082049346816
1560000082082705920
1560000082116039936
1560000082149372928
1560000082182706944
1560000082216039936
1560000082249372928
1560000082282706944
1560000082316039936
1560000082349373952
1560000082382707200
1560000082416039936
1560000082449373952
1560000082482706944
1560000082516040960
1560000082549374208
1560000082582631168
1560000082615964928
1560000082649297920
1560000082682630912
1560000082715964928
1560000082749298176
1560000082782632192
1560000082815964928
1560000082849297920
1560000082882631936
1560000082915965184
1560000082949299200
1560000082982633216
1560000083015964928
1560000083049298944
1560000083082628864
1560000083115962880
1560000083149296128
1560000083182630144
1560000083215962880
1560000083249295872
1560000083282629888
1560000083315963136
1560000083349297152
1560000083382630144
1560000083415962880
1560000083449296896
1560000083482629888
1560000083515963904
1560000083549297152
1560000083582607104
1560000083615940096
1560000083649272832
1560000083682606848
1560000083715940096
1560000083749274112
1560000083782607104
1560000083815939840
1560000083849273856
1560000083882607104
1560000083915941120
1560000083949274112
1560000083982606848
1560000084015940864
1560000084049273856
1560000084082576896
1560000084115910144
1560000084149243136
1560000084182576896
1560000084215909888
1560000084249243904
1560000084282577152
1560000084315910144
1560000084349244160
1560000084382576896
1560000084415910912
1560000084449243904
1560000084482577152
1560000084515911168
1560000084549243904
1560000084582608896
1560000084615942912
1560000084649275904
1560000084682609152
1560000084715943168
1560000084749275904
1560000084782609920
1560000084815942912
1560000084849276160
1560000084882610176
1560000084915942912
1560000084949276928
1560000084982609920
1560000085015943168
1560000085049277184
1560000085082611968
1560000085115945216
1560000085149279232
1560000085182611968
1560000085215944960
1560000085249278976
1560000085282611968
1560000085315945984
1560000085349278976
1560000085382611968
1560000085415945984
1560000085449278976
1560000085482612992
1560000085515945984
1560000085549278976
1560000085582625024
1560000085615958016
1560000085649292032
1560000085682625024
1560000085715959040
1560000085749291776
1560000085782625024
1560000085815959040
1560000085849292032
1560000085882626048
1560000085915958784
1560000085949292032
1560000085982626048
1560000086015959040
1560000086049293056
1560000086082510848
1560000086115844096
1560000086149178112
1560000086182512128
1560000086215845120
1560000086249177856
1560000086282511104
1560000086315845120
1560000086349179136
1560000086382512128
1560000086415844864
1560000086449177856
1560000086482511872
1560000086515845888
1560000086549179136
1560000086582511872
1560000086615848192
1560000086649182208
1560000086682514944
1560000086715847936
1560000086749181952
1560000086782514944
1560000086815848960
1560000086849181952
1560000086882514944
1560000086915848960
1560000086949181952
1560000086982515968
1560000087015849216
1560000087049181952
1560000087082515968
1560000087115827200
1560000087149159936
1560000087182492928
1560000087215826944
1560000087249159936
1560000087282493952
1560000087315826944
1560000087349159936
1560000087382493952
1560000087415826944
1560000087449160960
1560000087482494208
1560000087515826944
1560000087549160960
1560000087582493952
1560000087615823104
1560000087649157120
1560000087682490112
1560000087715822848
1560000087749156864
1560000087782490112
1560000087815824128
1560000087849157120
1560000087882489856
1560000087915823872
1560000087949157120
1560000087982491136
1560000088015824128
1560000088049156864
1560000088082490880
1560000088115813120
1560000088149147136
1560000088182480128
1560000088215812864
1560000088249146880
1560000088282480128
1560000088315814144
1560000088349147136
1560000088382479872
1560000088415813888
1560000088449146880
1560000088482480896
1560000088515814144
1560000088549146880
1560000088582480896
1560000088615854080
1560000088649187072
1560000088682519808
1560000088715853056
1560000088749187072
1560000088782521088
1560000088815854080
1560000088849186816
1560000088882520064
1560000088915854080
1560000088949188096
1560000088982521088
1560000089015853824
1560000089049187072
1560000089082521088
1560000089115756032
1560000089149089024
1560000089182423040
1560000089215756032
1560000089249089024
1560000089282423040
1560000089315756032
1560000089349090048
1560000089382423040
1560000089415756032
1560000089449090048
1560000089482423040
1560000089515757056
1560000089549089792
1560000089582423040
1560000089615775232
1560000089649108992
1560000089682441984
1560000089715776000
1560000089749108992
1560000089782441984
1560000089815776000
1560000089849108992
1560000089882443008
1560000089915776000
1560000089949110016
1560000089982443008
1560000090015776000
1560000090049110016
1560000090082443008
1560000090115735040
1560000090149069056
1560000090182401792
1560000090215735808
1560000090249069056
1560000090282402048
1560000090315736064
1560000090349069056
1560000090382402816
1560000090415736064
1560000090449069056
1560000090482403072
1560000090515736064
1560000090549068800
1560000090582403072
1560000090615784960
1560000090649117952
1560000090682451968
1560000090715784960
1560000090749118976
1560000090782452224
1560000090815784960
1560000090849118976
1560000090882451968
1560000090915785984
1560000090949118976
1560000090982451968
1560000091015785984
1560000091049118976
1560000091082452992
1560000091115720960
1560000091149053952
1560000091182387200
1560000091215720960
1560000091249053952
1560000091282386944
1560000091315720960
1560000091349054208
1560000091382388224
1560000091415720960
1560000091449053952
1560000091482387968
1560000091515720960
1560000091549054976
1560000091582387968
1560000091615698176
1560000091649030912
1560000091682363904
1560000091715697920
1560000091749031936
1560000091782365184
1560000091815697920
1560000091849030912
1560000091882364928
1560000091915698944
1560000091949032192
1560000091982364928
1560000092015697920
1560000092049031936
1560000092082365952
1560000092115595008
1560000092148929024
1560000092182262016
1560000092215596032
1560000092248929024
1560000092282263040
1560000092315596032
1560000092348929024
1560000092382263040
1560000092415596032
1560000092448930048
1560000092482263040
1560000092515596032
1560000092548929024
1560000092582263040
1560000092615653888
1560000092648987904
1560000092682321152
1560000092715653888
1560000092748987904
1560000092782320896
1560000092815654912
1560000092848988160
1560000092882320896
1560000092915654912
1560000092948987904
1560000092982321920
1560000093015655168
1560000093048989184
1560000093082321920
1560000093115612928
1560000093148945920
1560000093182279936
1560000093215612928
1560000093248945920
1560000093282279936
1560000093315612928
1560000093348946944
1560000093382280192
1560000093415612928
1560000093448946944
1560000093482279936
1560000093515613952
1560000093548947200
1560000093582281216
1560000093615591168
1560000093648924160
1560000093682256896
1560000093715589888
1560000093748923904
1560000093782257920
1560000093815591168
1560000093848923904
1560000093882256896
1560000093915590912
1560000093948924928
1560000093982258176
1560000094015590912
1560000094048923904
1560000094082257920
1560000094115572992
1560000094148907008
1560000094182240000
1560000094215574016
1560000094248907008
1560000094282240000
1560000094315574016
1560000094348907008
1560000094382241024
1560000094415574016
1560000094448907008
1560000094482241024
1560000094515574016
1560000094548908032
1560000094582241024
1560000094615590144
1560000094648924160
1560000094682256896
1560000094715589888
1560000094748923904
1560000094782257152
1560000094815591168
1560000094848923904
1560000094882256896
1560000094915590912
1560000094948924160
1560000094982258176
1560000095015590912
1560000095048923904
1560000095082257920
1560000095115483904
1560000095148817152
1560000095182151168
1560000095215483904
1560000095248817920
1560000095282150912
1560000095315484160
1560000095348818176
1560000095382150912
1560000095415484928
1560000095448817920
1560000095482150912
1560000095515484928
1560000095548818176
1560000095582151936
1560000095615643904
1560000095648977152
1560000095682311168
1560000095715643904
1560000095748977920
1560000095782310912
1560000095815644928
1560000095848977920
1560000095882311168
1560000095915644928
1560000095948977920
1560000095982310912
1560000096015644928
1560000096048978176
1560000096082312192
1560000096115504128
1560000096148837120
1560000096182171136
1560000096215503872
1560000096248837120
1560000096282171136
1560000096315504128
1560000096348838144
1560000096382170880
1560000096415503872
1560000096448837888
1560000096482171136
1560000096515505152
1560000096548837888
1560000096582170880
1560000096615452928
1560000096648786176
1560000096682118912
1560000096715452928
1560000096748785920
1560000096782118912
1560000096815452928
1560000096848786176
1560000096882119936
1560000096915452928
1560000096948785920
1560000096982119936
1560000097015453184
1560000097048787200
1560000097082119936
1560000097115386880
1560000097148720128
1560000097182054144
1560000097215387136
1560000097248719872
1560000097282053888
1560000097315387136
1560000097348721152
1560000097382054144
1560000097415386880
1560000097448720896
1560000097482053888
1560000097515387904
1560000097548721152
1560000097582053888
1560000097615430144
1560000097648763904
1560000097682096896
1560000097715430144
1560000097748764160
1560000097782097152
1560000097815431168
1560000097848763904
1560000097882096896
1560000097915430912
1560000097948764160
1560000097982098176
1560000098015430912
1560000098048763904
1560000098082097920
1560000098115490048
1560000098148824064
1560000098182157056
1560000098215491072
1560000098248823808
1560000098282157056
1560000098315491072
1560000098348824064
1560000098382158080
1560000098415491072
1560000098448823808
1560000098482157824
1560000098515491072
1560000098548825088
1560000098582158080
1560000098615407872
1560000098648741120
1560000098682075136
1560000098715409152
1560000098748742144
1560000098782074880
1560000098815407872
1560000098848741888
1560000098882075904
1560000098915409152
1560000098948741888
1560000098982074880
1560000099015408896
1560000099048742912
1560000099082076160
1560000099115400960
1560000099148734976
1560000099182068224
1560000099215400960
1560000099248734976
1560000099282067968
1560000099315401984
1560000099348734976
1560000099382067968
1560000099415401984
1560000099448734976
1560000099482068992
1560000099515401984
1560000099548736000
1560000099582068992
1560000099615345920
1560000099648678912
1560000099682012928
1560000099715346176
1560000099748678912
1560000099782012928
1560000099815345920
1560000099848679936
1560000099882013184
1560000099915345920
1560000099948679936
1560000099982012928
1560000100015346944
1560000100048680192
1560000100082012928
1560000100115348224
1560000100148682240
1560000100182014976
1560000100215347968
1560000100248681984
1560000100282014976
1560000100315348992
1560000100348681984
1560000100382014976
1560000100415348992
1560000100448681984
1560000100482016000
1560000100515348992
1560000100548683008
1560000100582016000
1560000100615256064
1560000100648590080
1560000100681922816
1560000100715256064
1560000100748590080
1560000100781923072
1560000100815257088
1560000100848589824
1560000100881923072
1560000100915257088
1560000100948590080
1560000100981924096
1560000101015256832
1560000101048589824
1560000101081923840
1560000101115241984
1560000101148576000
1560000101181908992
1560000101215243008
1560000101248576000
1560000101281908992
1560000101315243008
1560000101348576000
1560000101381910016
1560000101415243008
1560000101448576000
1560000101481910016
1560000101515243008
1560000101548577024
1560000101581910016
1560000101615214080
1560000101648547840
1560000101681880832
1560000101715214080
1560000101748548096
1560000101781881088
1560000101815215104
1560000101848547840
1560000101881881088
1560000101915215104
1560000101948548096
1560000101981882112
1560000102015214848
1560000102048548864
1560000102081882112
1560000102115194112
1560000102148528128
1560000102181860864
1560000102215194112
1560000102248528128
1560000102281861120
1560000102315195136
1560000102348527872
1560000102381860864
1560000102415194880
1560000102448528128
1560000102481862144
1560000102515194880
1560000102548527872
1560000102581861120
1560000102615198976
1560000102648531968
1560000102681864960
1560000102715198976
1560000102748532992
1560000102781865984
1560000102815198976
1560000102848531968
1560000102881865984
1560000102915200000
1560000102948532992
1560000102981865984
1560000103015198976
1560000103048532992
1560000103081867008
1560000103115222016
1560000103148556032
1560000103181890048
1560000103215223040
1560000103248555776
1560000103281889792
1560000103315223040
1560000103348557056
1560000103381890048
1560000103415222784
1560000103448556800
1560000103481890048
1560000103515224064
1560000103548557056
1560000103581890048
1560000103615223808
1560000103648418048
1560000103681751040
1560000103715085056
1560000103748418048
1560000103781752064
1560000103815085056
1560000103848418048
1560000103881752064
1560000103915085056
1560000103948419072
1560000103981751808
1560000104015085056
1560000104048419072
1560000104081753088
1560000104115086080
1560000104148454912
1560000104181787904
1560000104215121152
1560000104248455168
1560000104281788160
1560000104315121920
1560000104348454912
1560000104381787904
1560000104415121920
1560000104448455168
1560000104481789184
1560000104515121920
1560000104548454912
1560000104581788928
1560000104615122176
1560000104648407040
1560000104681741056
1560000104715074048
1560000104748408064
1560000104781740800
1560000104815074048
1560000104848408064
1560000104881741056
1560000104915075072
1560000104948407808
1560000104981741056
1560000105015075072
1560000105048408064
1560000105081742080
1560000105115075072
1560000105148459008
1560000105181792000
1560000105215126016
1560000105248459008
1560000105281792000
1560000105315126016
1560000105348459008
1560000105381793024
1560000105415126016
1560000105448459008
1560000105481793024
1560000105515126016
1560000105548460032
1560000105581793024
1560000105615126016
1560000105648425216
1560000105681759232
1560000105715091968
1560000105748424960
1560000105781758976
1560000105815091968
1560000105848425984
1560000105881758976
1560000105915091968
1560000105948425984
1560000105981758976
1560000106015092992
1560000106048425984
1560000106081758976
1560000106115092992
1560000106148375040
1560000106181709056
1560000106215042048
1560000106248375040
1560000106281709056
1560000106315042048
1560000106348376064
1560000106381709056
1560000106415042048
1560000106448376064
1560000106481709056
1560000106515043072
1560000106548376064
1560000106581708800
1560000106615042816
1560000106648355072
1560000106681689088
1560000106715022080
1560000106748354816
1560000106781688832
1560000106815022080
1560000106848356096
1560000106881689088
1560000106915021824
1560000106948355840
1560000106981689088
1560000107015023104
1560000107048356096
1560000107081688832
1560000107115022848
1560000107148324096
1560000107181658112
1560000107214991104
1560000107248325120
1560000107281657856
1560000107314991104
1560000107348325120
1560000107381658112
1560000107414992128
1560000107448324864
1560000107481657856
1560000107514991872
1560000107548325120
1560000107581659136
1560000107614991872
1560000107648364032
1560000107681698048
1560000107715030784
1560000107748364032
1560000107781698048
1560000107815031040
1560000107848365056
1560000107881697792
1560000107915031040
1560000107948365056
1560000107981698048
1560000108015032064
1560000108048365056
1560000108081698048
1560000108115032064
1560000108148345088
1560000108181678080
1560000108215010816
1560000108248344832
1560000108281678080
1560000108315012096
1560000108348345088
1560000108381679104
1560000108415011840
1560000108448344832
1560000108481678848
1560000108515012096
1560000108548346112
1560000108581679104
1560000108615011840
1560000108648314880
1560000108681648128
1560000108714982144
1560000108748315136
1560000108781647872
1560000108814981888
1560000108848314880
1560000108881648896
1560000108914982144
1560000108948314880
1560000108981648896
1560000109014981888
1560000109048315904
1560000109081649152
1560000109114981888
1560000109148297984
1560000109181632000
1560000109214964992
1560000109248299008
1560000109281632000
1560000109314964992
1560000109348299008
1560000109381632000
1560000109414966016
1560000109448299008
1560000109481632000
1560000109514966016
1560000109548299008
1560000109581633024
1560000109614966016
1560000109648317184
1560000109681651200
1560000109714983936
1560000109748316928
1560000109781650944
1560000109814984192
1560000109848318208
1560000109881650944
1560000109914983936
1560000109948317952
1560000109981650944
1560000110014984960
1560000110048317952
1560000110081650944
1560000110114984960
1560000110148199936
1560000110181533184
1560000110214865920
1560000110248199936
1560000110281532928
1560000110314866944
1560000110348200192
1560000110381532928
1560000110414866944
1560000110448199936
1560000110481533952
1560000110514866944
1560000110548199936
1560000110581533952
1560000110614866944
1560000110648215040
1560000110681548032
1560000110714881024
1560000110748215040
1560000110781548032
1560000110814882048
1560000110848215040
1560000110881548032
1560000110914882048
1560000110948215040
1560000110981549056
1560000111014882048
1560000111048215040
1560000111081549056
1560000111114882048
1560000111148185088
1560000111181518080
1560000111214852096
1560000111248184832
1560000111281518080
1560000111314852096
1560000111348185088
1560000111381519104
1560000111414851840
1560000111448185088
1560000111481519104
1560000111514852096
1560000111548186112
1560000111581518848
1560000111614851840
1560000111648206848
1560000111681540096
1560000111714874112
1560000111748207104
1560000111781541120
1560000111814873856
1560000111848207104
1560000111881541120
1560000111914874112
1560000111948208128
1560000111981540864
1560000112014873856
1560000112048207872
1560000112081541120
1560000112114875136
1560000112148119040
1560000112181453056
1560000112214786048
1560000112248119040
1560000112281452800
1560000112314786048
1560000112348120064
1560000112381453056
1560000112414786048
1560000112448120064
1560000112481453056
1560000112514787072
1560000112548120064
1560000112581453056
1560000112614787072
1560000112648144128
1560000112681478144
1560000112714811136
1560000112748145152
1560000112781477888
1560000112814810880
1560000112848144896
1560000112881478912
1560000112914812160
1560000112948144896
1560000112981477888
1560000113014811904
1560000113048145920
1560000113081479168
1560000113114811904
1560000113148081920
1560000113181415168
1560000113214749184
1560000113248080896
1560000113281414912
1560000113314748928
1560000113348082176
1560000113381416192
1560000113414748928
1560000113448081920
1560000113481415936
1560000113514748928
1560000113548082944
1560000113581415936
1560000113614748928
1560000113648148992
1560000113681481984
1560000113714814976
1560000113748148992
1560000113781481984
1560000113814816000
1560000113848148992
1560000113881481984
1560000113914816000
1560000113948148992
1560000113981483008
1560000114014816000
1560000114048148992
1560000114081483008
1560000114114816000
1560000114148077056
1560000114181410048
1560000114214742784
1560000114248076800
1560000114281410048
1560000114314744064
1560000114348077056
1560000114381409792
1560000114414743808
1560000114448077056
1560000114481411072
1560000114514744064
1560000114548077056
1560000114581410816
1560000114614744064
1560000114648019968
1560000114681353216
1560000114714687232
1560000114748019968
1560000114781352960
1560000114814686976
1560000114848019968
1560000114881353984
1560000114914686976
1560000114948019968
1560000114981353984
1560000115014686976
1560000115048020992
1560000115081353984
1560000115114686976
1560000115148004096
1560000115181338112
1560000115214670848
1560000115248004864
1560000115281337856
1560000115314671104
1560000115348005120
1560000115381337856
1560000115414671872
1560000115448004864
1560000115481338112
1560000115514672128
1560000115548005120
1560000115581338880
1560000115614671872
1560000115647977984
1560000115681310976
1560000115714644992
1560000115747977984
1560000115781312000
1560000115814644992
1560000115847978240
1560000115881312000
1560000115914644992
1560000115947977984
1560000115981312000
1560000116014644992
1560000116047979008
1560000116081312000
1560000116114644992
1560000116148047872
1560000116181380864
1560000116214714112
1560000116248048128
1560000116281380864
1560000116314714880
1560000116348047872
1560000116381381120
1560000116414715136
1560000116448048128
1560000116481381888
1560000116514714880
1560000116548048128
1560000116581382144
1560000116614715136
1560000116647969024
1560000116681302016
1560000116714636032
1560000116747969024
1560000116781302016
1560000116814636032
1560000116847969024
1560000116881303040
1560000116914635776
1560000116947969024
1560000116981303040
1560000117014636032
1560000117047970048
1560000117081302784
1560000117114636032
1560000117147913984
1560000117181246976
1560000117214580992
1560000117247913984
1560000117281246976
1560000117314580992
1560000117347913984
1560000117381248000
1560000117414580992
1560000117447913984
1560000117481248000
1560000117514580992
1560000117547915008
1560000117581248000
1560000117614580992
1560000117647910144
1560000117681242880
1560000117714576896
1560000117747910144
1560000117781243136
1560000117814577152
1560000117847909888
1560000117881243904
1560000117914576896
1560000117947910144
1560000117981244160
1560000118014576896
1560000118047910912
1560000118081243904
1560000118114577152
1560000118147866880
1560000118181200896
1560000118214534144
1560000118247867136
1560000118281200896
1560000118314533888
1560000118347867904
1560000118382232832
1560000118415763968
1560000118449388032
1560000118482673920
1560000118516043008
1560000118549607936
1560000118582756096
1560000118616146944
1560000118649692928
1560000118682923008
1560000118716256000
1560000118749763072
1560000118782957056
1560000118816313856
1560000118849797888
1560000118882923008
1560000118916336896
1560000118949868032
1560000118983038976
1560000119016325888
1560000119049868032
1560000119083038976
1560000119116419072
1560000119149935872
1560000119183015168
1560000119216464128
1560000119249959936
1560000119283073024
1560000119316498944
1560000119350018048
1560000119383107840
1560000119416546048
1560000119450052864
1560000119483247872
1560000119516603904
1560000119550169856
1560000119583316992
1560000119616709120
1560000119650204928
1560000119683294976
1560000119716743936
1560000119750308864
1560000119783375872
1560000119816837120
1560000119850380032
1560000119883469056
1560000119916999936
1560000119950483968
1560000119983539200
1560000120017092864
1560000120050635008
1560000120083642880
1560000120117150976
1560000120150712064
1560000120183686144
1560000120217297152
1560000120250792960
1560000120283755008
1560000120317379072
1560000120350851072
1560000120383836928
1560000120417448960
1560000120451001856
1560000120483930112
1560000120517587968
1560000120551095040
1560000120583976960
1560000120617669120
1560000120651112960
1560000120684016896
1560000120717698048
1560000120751182080
1560000120784086016
1560000120817837056
1560000120851251968
1560000120884133120
1560000120917895936
1560000120951368192
1560000120984214016
1560000121018012160
1560000121051450112
1560000121084238080
1560000121118082048
1560000121151439872
1560000121184216064
1560000121218060032
1560000121251521024
1560000121284310016
1560000121318211072
1560000121351613952
1560000121384378880
1560000121418292992
1560000121451730944
1560000121484473088
1560000121518408960
1560000121551835136
1560000121584600064
1560000121618514176
1560000121651968000
1560000121684652032
1560000121718622976
1560000121752003072
1560000121784744960
1560000121818727936
1560000121852083968
1560000121884780032
1560000121918797056
1560000121952131072
1560000121984849920
1560000122018843904
1560000122052189184
1560000122084908032
1560000122118902016
1560000122152236032
1560000122184897792
1560000122218880768
1560000122252226048
1560000122284875008
1560000122318868992
1560000122352203008
1560000122384933120
1560000122418916096
1560000122452203008
1560000122484899072
1560000122518915840
1560000122552227072
1560000122584899072
1560000122618882048
1560000122652226816
1560000122684963840
1560000122718959104
1560000122752291840
1560000122785021952
1560000122819004928
1560000122852292096
1560000122884988160
1560000122919006208
1560000122952316160
1560000122984987904
1560000123018970880
1560000123052315904
1560000123084953088
1560000123118959872
1560000123152292864
1560000123184803840
1560000123218799104
1560000123252131840
1560000123284861952
1560000123318799104
1560000123352121088
1560000123384850944
1560000123418787072
1560000123452121088
1560000123484838912
1560000123518776064
1560000123552109056
1560000123584839168
1560000123618765056
1560000123652098048
1560000123684837120
1560000123718774016
1560000123752094976
1560000123784744960
1560000123818738944
1560000123852026112
1560000123884790784
1560000123918704896
1560000123952048896
1560000123984756992
1560000124018647040
1560000124052015104
1560000124084698880
1560000124118611968
1560000124151969024
1560000124184705024
1560000124218606848
1560000124251916800
1560000124284635904
1560000124318525952
1560000124351918080
1560000124384635904
1560000124418457088
1560000124451847936
1560000124484567040
1560000124518387200
1560000124551779072
1560000124584567040
1560000124618340864
1560000124651767040
1560000124684506880
1560000124718305024
1560000124751661056
1560000124784390912
1560000124818201088
1560000124851614976
1560000124884380160
1560000124918166016
1560000124951534080
1560000124984322048
1560000125018085120
1560000125051475968
1560000125084333824
1560000125117980928
1560000125151452928
1560000125184176896
1560000125217892864
1560000125251319040
1560000125284212224
1560000125317903872
1560000125351353856
1560000125384222976
1560000125417927936
1560000125451365888
1560000125484247040
1560000125517939968
1560000125551388928
1560000125584270080
1560000125617963008
1560000125651459072
1560000125684355072
1560000125718095104
1560000125751568128
1560000125784424960
1560000125818141952
1560000125851625984
1560000125884471808
1560000125918188032
1560000125951672064
1560000125984529920
1560000126018245888
1560000126051718912
1560000126084588032
1560000126118292992
1560000126151766016
1560000126184534016
1560000126218238976
1560000126251665152
1560000126284487936
1560000126318157824
1560000126351619072
1560000126384418048
1560000126418112000
1560000126451549952
1560000126484360960
1560000126518043136
1560000126551492096
1560000126584372992
1560000126617937920
1560000126651421952
1560000126684272896
1560000126717860864
1560000126751322112
1560000126784260864
1560000126817850112
1560000126851310080
1560000126884167936
1560000126917745152
1560000126951229952
1560000126984144896
1560000127017664000
1560000127051124992
1560000127084052992
1560000127117572096
1560000127151043840
1560000127183948032
1560000127217408768
1560000127250927872
1560000127283889920
1560000127317373952
1560000127350870016
1560000127383843840
1560000127417234944
1560000127450812928
1560000127483716096
1560000127517165824
1560000127550697216
1560000127583717120
1560000127617073920
1560000127650615040
1560000127683547136
1560000127716903936
1560000127750446080
1560000127783454976
1560000127816891904
1560000127850364928
1560000127883419904
1560000127916822784
1560000127950330112
1560000127983442944
1560000128016719104
1560000128050331136
1560000128083363072
1560000128116695808
1560000128150260992
1560000128183283200
1560000128216582144
1560000128250170880
1560000128283214080
1560000128316536064
1560000128350113024
1560000128383249152
1560000128416583168
1560000128450148096
1560000128483213824
1560000128516525056
1560000128550113024
1560000128583237888
1560000128616489984
1560000128650125056
1560000128683224832
1560000128716500992
1560000128750113024
1560000128783226112
1560000128816581888
1560000128850136064
1560000128883283968
1560000128916513024
1560000128950170880
1560000128983330048
1560000129016558848
1560000129050205952
1560000129083283968
1560000129116583168
1560000129150171136
1560000129183275008
1560000129216538880
1560000129250161920
1560000129283264000
1560000129316539136
1560000129350070016
1560000129383240960
1560000129416457984
1560000129450046976
1560000129483264000
1560000129516434944
1560000129550046976
1560000129583240960
1560000129616446976
1560000129650046976
1560000129683094016
1560000129716346880
1560000129749912064
1560000129783140864
1560000129816300032
1560000129849935104
1560000129883106048
1560000129916323072
1560000129949912064
1560000129983118080
1560000130016300032
1560000130049912832
1560000130083187968
1560000130116404992
1560000130149993984
1560000130183259136
1560000130216464896
1560000130250052864
1560000130283341056
1560000130316557824
1560000130350203904
1560000130383444992
1560000130416697088
1560000130450320128
1560000130483572992
1560000130516814080
1560000130550447872
1560000130583688960
1560000130616859904
1560000130650542080
1560000130683767040
1560000130716973056
1560000130750618880
1560000130783847936
1560000130816961024
1560000130850619904
1560000130883836928
1560000130916950016
1560000130950608128
1560000130983836928
1560000131016950016
1560000131050596864
1560000131083826176
1560000131116939008
1560000131150597120
1560000131183804928
1560000131216918016
1560000131250576128
1560000131283804928
1560000131316905984
1560000131350494976
1560000131383781888
1560000131416836864
1560000131450459904
1560000131483712000
1560000131516720896
1560000131550391040
1560000131583607808
1560000131616720896
1560000131650298112
1560000131683501056
1560000131716556032
1560000131750190848
1560000131783513088
1560000131816613888
1560000131850203136
1560000131883558912
1560000131916637952
1560000131950248960
1560000131983593984
1560000132016602880
1560000132050260992
1560000132083559936
1560000132116602880
1560000132150249984
1560000132183549952
1560000132216581120
1560000132250227968
1560000132283608064
1560000132316592896
1560000132350204928
1560000132383608064
1560000132416651008
1560000132450216960
1560000132483584768
1560000132516570112
1560000132550182144
1560000132583596032
1560000132616547072
1560000132650113024
1560000132683464960
1560000132716520960
1560000132749992960
1560000132783441920
1560000132816439040
1560000132849970176
1560000132883373056
1560000132916404992
1560000132949901056
1560000132983338240
1560000133016346880
1560000133049854976
1560000133083281152
1560000133116301056
1560000133149727232
1560000133183196928
1560000133216228864
1560000133249632000
1560000133283150848
1560000133316171008
1560000133349504000
1560000133382999808
1560000133416032000
1560000133449446912
1560000133482966016
1560000133515974144
1560000133549308160
1560000133582802944
1560000133615916032
1560000133649168896
1560000133682734848
1560000133715801856
1560000133749089024
1560000133782618880
1560000133815709184
1560000133848973056
1560000133882446080
1560000133915581952
1560000133948798976
1560000133982307072
1560000134015501056
1560000134048672000
1560000134082225920
1560000134115385088
1560000134148578816
1560000134182094080
1560000134215357952
1560000134248563968
1560000134282094080
1560000134315357952
1560000134348563968
1560000134382093824
1560000134415357952
1560000134448563968
1560000134482095104
1560000134515357952
1560000134548552960
1560000134582083072
1560000134615439872
1560000134648576000
1560000134682200832
1560000134715441920
1560000134748670976
1560000134782259968
1560000134815557888
1560000134848741120
1560000134882375936
1560000134915731968
1560000134948868864
1560000134982526976
1560000135015849216
1560000135049020160
1560000135082736128
1560000135116011008
1560000135149123840
1560000135182866176
1560000135216118016
1560000135249265920
1560000135282982144
1560000135316246016
1560000135349381888
1560000135383110144
1560000135416372992
1560000135449428992
1560000135483213824
1560000135516500992
1560000135549544960
1560000135583342080
1560000135616616960
1560000135649671936
1560000135683482880
1560000135716770048
1560000135749825024
1560000135783600128
1560000135816875008
1560000135849849088
1560000135883622912
1560000135916979968
1560000135949976064
1560000135983716096
1560000136017015040
1560000136049988096
1560000136083821056
1560000136117118976
1560000136150093056
1560000136183919872
1560000136217218048
1560000136250204160
1560000136283955200
1560000136317299968
1560000136350238976
1560000136384025088
1560000136417346048
1560000136450320128
1560000136484082944
1560000136517415936
1560000136550297088
1560000136584058880
1560000136617392896
1560000136650355200
1560000136683998976
1560000136717332992
1560000136750225152
1560000136783976192
1560000136817320960
1560000136850283008
1560000136883975936
1560000136917356032
1560000136950284032
1560000136984011008
1560000137017368064
1560000137050318848
1560000137084034816
1560000137117403136
1560000137150260992
1560000137184047872
1560000137217370112
1560000137250274048
1560000137284014080
1560000137317358848
1560000137350321152
1560000137384025088
1560000137417404928
1560000137450331904
1560000137483990784
1560000137517404928
1560000137550297856
1560000137583979008
1560000137617382144
1560000137650286848
1560000137683932160
1560000137717346816
1560000137750251008
1560000137783920896
1560000137817324032
1560000137850308864
1560000137883920896
1560000137917370112
1560000137950320896
1560000137983886080
1560000138017370112
1560000138050297856
1560000138083885824
1560000138117347840
1560000138150368000
1560000138183922944
1560000138217384192
1560000138250322944
1560000138283899904
1560000138317442048
1560000138350393088
1560000138383958016
1560000138417499904
1560000138450450944
1560000138484028160
1560000138517559040
1560000138550520832
1560000138584086016
1560000138617616896
1560000138650578944
1560000138684133120
1560000138717664000
1560000138750638080
1560000138784190976
1560000138817722112
1560000138850696192
1560000138884260864
1560000138917792000
1560000138950754048
1560000138984250112
1560000139017827072
1560000139050766080
1560000139084284928
1560000139117839104
1560000139150859008
1560000139184324864
1560000139217867008
1560000139250899200
1560000139284348928
1560000139317903104
1560000139350923008
1560000139384371968
1560000139417984000
1560000139450969088
1560000139484453888
1560000139517960960
1560000139551026944
1560000139584454144
1560000139618007808
1560000139651027968
1560000139684480000
1560000139718068992
1560000139751065856
1560000139784481024
1560000139818115072
1560000139851147008
1560000139884526848
1560000139918116096
1560000139951181824
1560000139984549888
1560000140018209024
1560000140051217920
1560000140084620032
1560000140118243840
1560000140151287040
1560000140184099840
1560000140217689088
1560000140250755072
1560000140284111872
1560000140317712128
1560000140350779136
1560000140384146944
1560000140417794048
1560000140450813952
1560000140484146944
1560000140517817088
1560000140550884096
1560000140584194048
1560000140617875200
1560000140650929920
1560000140684251904
1560000140718374912
1560000140751441920
1560000140784751872
1560000140818434048
1560000140851489024
1560000140884809984
1560000140918479872
1560000140951535104
1560000140984857088
1560000141018526976
1560000141051593984
1560000141084902912
1560000141118573056
1560000141151640064
1560000141184891904
1560000141218675968
1560000141251766016
1560000141285007104
1560000141318723072
1560000141351800832
1560000141385052928
1560000141418768896
1560000141451905024
1560000141485111040
1560000141518851072
1560000141551964160
1560000141585203968
1560000141618920192
1560000141651998976
1560000141685192960
1560000141718830080
1560000141751954176
1560000141785125120
1560000141818876928
1560000141851988992
1560000141885171968
1560000141918864896
1560000141952013056
1560000141985171968
1560000142018887936
1560000142052025088
1560000142085196032
1560000142118899968
1560000142152035840
1560000142185137920
1560000142218949120
1560000142252096768
1560000142285198080
1560000142318960896
1560000142352154880
1560000142385221888
1560000142419008000
1560000142452132096
1560000142485187072
1560000142518984192
1560000142552155136
1560000142585176064
1560000142618961152
1560000142652143872
1560000142685140992
1560000142718864896
1560000142752036096
1560000142785043968
1560000142818841088
1560000142852071168
1560000142884963072
1560000142918795008
1560000142952001024
1560000142984916992
1560000143018737920
1560000143051943168
1560000143084847872
1560000143118633984
1560000143151874048
1560000143184742912
1560000143218514944
1560000143251791104
1560000143284625920
1560000143318458112
1560000143351721984
1560000143384556032
1560000143418342144
1560000143451652096
1560000143484440064
1560000143518260992
1560000143551593984
1560000143584429056
1560000143618168064
1560000143651513088
1560000143684324864
1560000143718051072
1560000143751395840
1560000143784195840
1560000143817959168
1560000143851362048
1560000143884185088
1560000143917865984
1560000143951268864
1560000143984080128
1560000144017772800
1560000144051176192
1560000144084057088
1560000144117691904
1560000144151153152
1560000144183975936
1560000144217606144
1560000144251090176
1560000144283971072
1560000144317537024
1560000144351043840
1560000144383971072
1560000144417501952
1560000144451044096
1560000144483948032
1560000144517432064
1560000144551009024
1560000144583867136
1560000144617385984
1560000144650952192
1560000144683890944
1560000144717286144
1560000144750909952
1560000144783802112
1560000144817217024
1560000144850863104
1560000144883814144
1560000144917181952
1560000144950806016
1560000144983768064
1560000145017123840
1560000145050759936
1560000145083780096
1560000145117090048
1560000145150759936
1560000145183757056
1560000145216986880
1560000145250690816
1560000145283723008
1560000145316952064
1560000145350692096
1560000145383699968
1560000145416871168
1560000145450598912
1560000145483619072
1560000145516766976
1560000145550575872
1560000145583596032
1560000145616743936
1560000145650494976
1560000145683561984
1560000145716736000
1560000145750510080
1560000145783634944
1560000145816700928
1560000145850509824
1560000145883599872
1560000145916608000
1560000145950464000
1560000145983588864
1560000146016561920
1560000146050383104
1560000146083543040
1560000146116573952
1560000146150360064
1560000146183542016
1560000146216553984
1560000146250363136
1560000146283603968
1560000146316553984
1560000146350397952
1560000146383603968
1560000146416507904
1560000146450316800
1560000146483546112
1560000146516508160
1560000146550352128
1560000146583569152
1560000146616450048
1560000146650281984
1560000146683569920
1560000146716414976
1560000146750224128
1560000146783521792
1560000146816427008
1560000146850246912
1560000146883546112
1560000146916368896
1560000146950247168
1560000146983557888
1560000147016450048
1560000147050270976
1560000147083627008
1560000147116497152
1560000147150341120
1560000147183674112
1560000147216471808
1560000147250361856
1560000147283730944
1560000147316507136
1560000147350419968
1560000147383766016
1560000147416564992
1560000147450455808
1560000147483812096
1560000147516612096
1560000147550502144
1560000147583858944
1560000147616657920
1560000147650548992
1560000147683894016
1560000147716655104
1560000147750534144
1560000147783948032
1560000147816713216
1560000147850568960
1560000147883995136
1560000147916749056
1560000147950615040
1560000147984029952
1560000148016794880
1560000148050651136
1560000148084122880
1560000148116841984
1560000148150732032
1560000148184180992
1560000148216881920
1560000148250808064
1560000148284221952
1560000148316918016
1560000148350831104
1560000148384257024
1560000148416953088
1560000148450854912
1560000148484338944
1560000148517069056
1560000148550888960
1560000148584374016
1560000148617022976
1560000148650913024
1560000148684397056
1560000148716958976
1560000148750780160
1560000148784322048
1560000148817006080
1560000148850802944
1560000148884311040
1560000148917017088
1560000148950792192
1560000148984311040
1560000149017005824
1560000149050734080
1560000149084300032
1560000149117028864
1560000149150723072
1560000149184311040
1560000149216948992
1560000149250595072
1560000149284172032
1560000149316890880
1560000149350513920
1560000149384161024
1560000149416902144
1560000149450514176
1560000149484113920
1560000149516890880
1560000149550409984
1560000149584090880
1560000149616868096
1560000149650376192
1560000149683998976
1560000149716803072
1560000149750276096
1560000149783945984
1560000149816803072
1560000149850172160
1560000149883922944
1560000149916780032
1560000149950149120
1560000149983841792
1560000150016665088
1560000150050055936
1560000150083736832
1560000150116653056
1560000150149893888
1560000150183633152
1560000150216648192
1560000150249865984
1560000150283570176
1560000150316531968
1560000150349714944
1560000150383443200
1560000150416381952
1560000150449495040
1560000150483222016
1560000150516231168
1560000150549344000
1560000150583083008
1560000150616091904
1560000150649112064
1560000150682852096
1560000150715843072
1560000150748875008
1560000150782521088
1560000150815598848
1560000150848620032
1560000150882288896
1560000150915437056
1560000150948388096
1560000150982033920
1560000151015204864
1560000151048214016
1560000151081722112
1560000151114916096
1560000151147888896
1560000151181420032
1560000151214721792
1560000151247730944
1560000151281238016
1560000151314432000
1560000151346617088
1560000151379951104
1560000151413284096
1560000151446618112
1560000151479950848
1560000151513283840
1560000151546618112
1560000151579951104
1560000151613285120
1560000151646617856
1560000151679950848
1560000151713208832
1560000151746542080
1560000151779876096
1560000151813209088
1560000151846543104
1560000151879875840
1560000151913209088
1560000151946543104
1560000151979876096
1560000152013210112
1560000152046542848
1560000152079875840
1560000152113209856
1560000152146543104
1560000152179877120
1560000152213232128
1560000152246565120
1560000152279897856
1560000152313231872
1560000152346565120
1560000152379899136
1560000152413232128
1560000152446564864
1560000152479898880
1560000152513231872
1560000152546565888
1560000152579899136
1560000152613231872
1560000152646565888
1560000152679898880
1560000152713201152
1560000152746534144
1560000152779866880
1560000152813200896
1560000152846533888
1560000152879867904
1560000152913201152
1560000152946533888
1560000152979867904
1560000153013200896
1560000153046534912
1560000153079868160
1560000153113200896
1560000153146534912
1560000153179867904
1560000153213159936
1560000153246493184
1560000153279827200
1560000153313159936
1560000153346493952
1560000153379826944
1560000153413160192
1560000153446494208
1560000153479826944
1560000153513160960
1560000153546493952
1560000153579826944
1560000153613160960
1560000153646493952
1560000153679827968
1560000153713118976
1560000153746451968
1560000153779784960
1560000153813118976
1560000153846451968
1560000153879785984
1560000153913118976
1560000153946451968
1560000153979785984
1560000154013118976
1560000154046452992
1560000154079785984
1560000154113118976
1560000154146452992
1560000154179785984
1560000154213174016
1560000154246507776
1560000154279841024
1560000154313174016
1560000154346508032
1560000154379841024
1560000154413175040
1560000154446508032
1560000154479841024
1560000154513175040
1560000154546508032
1560000154579842048
1560000154613175040
1560000154646508032
1560000154679842048
1560000154713097216
1560000154746429952
1560000154779763968
1560000154813096960
1560000154846430976
1560000154879763968
1560000154913096960
1560000154946430976
1560000154979763968
1560000155013097984
1560000155046430976
1560000155079763968
1560000155113097984
1560000155146430976
1560000155179764992
1560000155213073920
1560000155246407936
1560000155279740928
1560000155313074176
1560000155346407936
1560000155379740928
1560000155413074944
1560000155446407936
1560000155479741952
