1560244957131793920
1560244957165126912
1560244957198460160
1560244957231794176
1560244957265126912
1560244957298460928
1560244957331793920
1560244957365127168
1560244957398387968
1560244957431721984
1560244957465054976
1560244957498388992
1560244957531721984
1560244957565054976
1560244957598388992
1560244957631721984
1560244957665056000
1560244957698388992
1560244957731722240
1560244957765056000
1560244957798388992
1560244957831721984
1560244957865056000
1560244957898419968
1560244957931754240
1560244957965086976
1560244957998420992
1560244958031753984
1560244958065086976
1560244958098420992
1560244958131753984
1560244958165088000
1560244958198420992
1560244958231753984
1560244958265088000
1560244958298420992
1560244958331755008
1560244958365088000
1560244958398345984
1560244958431678976
1560244958465012992
1560244958498345984
1560244958531678976
1560244958565012992
1560244958598345984
1560244958631680000
1560244958665012992
1560244958698345984
1560244958731680000
1560244958765012992
1560244958798347008
1560244958831680000
1560244958865012992
1560244958898344960
1560244958931677952
1560244958965010944
1560244958998344960
1560244959031677952
1560244959065011968
1560244959098344960
1560244959131678208
1560244959165010944
1560244959198344960
1560244959231677952
1560244959265011968
1560244959298345216
1560244959331677952
1560244959365011968
1560244959398350848
1560244959431684096
1560244959465018112
1560244959498351104
1560244959531685120
1560244959565017856
1560244959598351104
1560244959631685120
1560244959665018112
1560244959698352128
1560244959731684864
1560244959765018112
1560244959798352128
1560244959831685120
1560244959865019136
1560244959898320896
1560244959931653888
1560244959964987136
1560244959998321152
1560244960031653888
1560244960064987904
1560244960098320896
1560244960131654144
1560244960164988160
1560244960198321152
1560244960231654912
1560244960264987904
1560244960298320896
1560244960331654912
1560244960364988160
1560244960398232064
1560244960431566080
1560244960464899072
1560244960498231808
1560244960531565824
1560244960564899072
1560244960598233088
1560244960631566080
1560244960664899072
1560244960698232832
1560244960731566080
1560244960764900096
1560244960798233088
1560244960831566080
1560244960864900096
1560244960898309888
1560244960931643136
1560244960964977152
1560244960998311168
1560244961031644160
1560244961064976896
1560244961098309888
1560244961131643904
1560244961164977920
1560244961198311168
1560244961231645184
1560244961264977920
1560244961298310912
1560244961331644928
1560244961364978176
1560244961398164992
1560244961431499008
1560244961464832000
1560244961498166016
1560244961531499008
1560244961564832000
1560244961598166016
1560244961631499008
1560244961664833024
1560244961698166016
1560244961731499008
1560244961764832000
1560244961798166016
1560244961831500032
1560244961864833024
1560244961898166016
1560244961930989056
1560244961964322048
1560244961997655040
1560244962030989056
1560244962064322048
1560244962097656064
1560244962130989056
1560244962164321792
1560244962197655040
1560244962230989056
1560244962264323072
1560244962297656064
1560244962330988800
1560244962364322048
1560244962397656064
1560244962431518976
1560244962464852992
1560244962498185984
1560244962531518976
1560244962564852992
1560244962598185984
1560244962631520000
1560244962664852992
1560244962698185984
1560244962731520000
1560244962764852992
1560244962798187008
1560244962831520000
1560244962864852992
1560244962898187008
1560244962931471104
1560244962964803840
1560244962998137856
1560244963031471104
1560244963064805120
1560244963098138112
1560244963131470848
1560244963164804864
1560244963198138112
1560244963231472128
1560244963264805120
1560244963298137856
1560244963331471872
1560244963364804864
1560244963398138880
1560244963431473920
1560244963464807936
1560244963498140928
1560244963531474944
1560244963564807936
1560244963598140928
1560244963631474944
1560244963664807936
1560244963698141952
1560244963731475200
1560244963764807936
1560244963798141952
1560244963831474944
1560244963864808960
1560244963898142208
1560244963931407872
1560244963964741888
1560244963998075136
1560244964031409152
1560244964064742144
1560244964098074880
1560244964131408896
1560244964164741888
1560244964198075904
1560244964231409152
1560244964264741888
1560244964298075904
1560244964331408896
1560244964364742912
1560244964398076160
1560244964431400960
1560244964464733952
1560244964498067968
1560244964531400960
1560244964564733952
1560244964598067968
1560244964631400960
1560244964664734976
1560244964698067968
1560244964731400960
1560244964764734976
1560244964798067968
1560244964831401984
1560244964864734976
1560244964898067968
1560244964931428864
1560244964964762880
1560244964998095872
1560244965031429888
1560244965064763136
1560244965098095872
1560244965131429888
1560244965164762880
1560244965198096896
1560244965231430144
1560244965264763136
1560244965298096896
1560244965331429888
1560244965364763904
1560244965398097152
1560244965431472128
1560244965464806144
1560244965498138880
1560244965531472896
1560244965564805888
1560244965598139136
1560244965631473152
1560244965664805888
1560244965698139904
1560244965731472896
1560244965764806912
1560244965798140160
1560244965831473152
1560244965864806912
1560244965898139904
1560244965931368192
1560244965964700928
1560244965998034944
1560244966031367936
1560244966064701184
1560244966098035200
1560244966131367936
1560244966164701952
1560244966198034944
1560244966231368192
1560244966264702208
1560244966298034944
1560244966331368960
1560244966364701952
1560244966398034944
1560244966431366912
1560244966464700928
1560244966498033920
1560244966531367936
1560244966564701184
1560244966598033920
1560244966631367936
1560244966664700928
1560244966698034944
1560244966731368192
1560244966764700928
1560244966798034944
1560244966831367936
1560244966864701952
1560244966898034944
1560244966931354112
1560244966964688128
1560244966998022144
1560244967031354880
1560244967064687872
1560244967098021888
1560244967131355136
1560244967164689152
1560244967198021888
1560244967231354880
1560244967264688128
1560244967298022144
1560244967331355136
1560244967364689152
1560244967398021888
1560244967431380992
1560244967464715008
1560244967498048000
1560244967531382016
1560244967564715008
1560244967598048000
1560244967631382016
1560244967664715008
1560244967698049024
1560244967731382016
1560244967764715008
1560244967798048000
1560244967831382016
1560244967864716032
1560244967898049024
1560244967931344896
1560244967964678144
1560244967998011136
1560244968031343872
1560244968064677888
1560244968098011136
1560244968131345152
1560244968164678144
1560244968198010880
1560244968231344896
1560244968264677888
1560244968298011904
1560244968331345152
1560244968364677888
1560244968398011904
1560244968431281152
1560244968464615168
1560244968497947904
1560244968531280896
1560244968564614912
1560244968597948160
1560244968631282176
1560244968664614912
1560244968697947904
1560244968731281920
1560244968764615168
1560244968797949184
1560244968831281920
1560244968864614912
1560244968897948928
1560244968931226880
1560244968964560896
1560244968997894144
1560244969031228160
1560244969064560896
1560244969097893888
1560244969131227904
1560244969164561152
1560244969197895168
1560244969231228160
1560244969264560896
1560244969297894912
1560244969331227904
1560244969364561920
1560244969397895168
1560244969431198976
1560244969464532992
1560244969497865984
1560244969531198976
1560244969564532992
1560244969597865984
1560244969631198976
1560244969664532992
1560244969697865984
1560244969731200000
1560244969764532992
1560244969797865984
1560244969831200000
1560244969864532992
1560244969897867008
1560244969931241984
1560244969964576000
1560244969997908992
1560244970031241984
1560244970064576000
1560244970097908992
1560244970131243008
1560244970164576000
1560244970197908992
1560244970231243008
1560244970264576000
1560244970297908992
1560244970331243008
1560244970364576000
1560244970397910016
1560244970431144960
1560244970464478976
1560244970497811968
1560244970531145984
1560244970564479232
1560244970597811968
1560244970631145984
1560244970664478976
1560244970697812992
1560244970731145984
1560244970764478976
1560244970797812992
1560244970831145984
1560244970864480000
1560244970897812992
1560244970931138048
1560244970964471040
1560244970997804032
1560244971031138048
1560244971064471040
1560244971097805056
1560244971131138048
1560244971164470784
1560244971197804800
1560244971231138048
1560244971264472064
1560244971297805056
1560244971331139072
1560244971364471808
1560244971397805056
1560244971431216896
1560244971464550144
1560244971497884160
1560244971531217152
1560244971564551168
1560244971597883904
1560244971631216896
1560244971664550912
1560244971697884160
1560244971731218176
1560244971764550912
1560244971797883904
1560244971831217920
1560244971864551168
1560244971897885184
1560244971931139840
1560244971964473088
1560244971997807104
1560244972031140096
1560244972064472832
1560244972097806848
1560244972131140096
1560244972164474112
1560244972197807104
1560244972231139840
1560244972264473856
1560244972297807104
1560244972331141120
1560244972364474112
1560244972397806848
1560244972431133952
1560244972464466944
1560244972497800960
1560244972531133952
1560244972564466944
1560244972597800960
1560244972631133952
1560244972664467968
1560244972697801216
1560244972731133952
1560244972764467968
1560244972797800960
1560244972831134976
1560244972864468224
1560244972897800960
1560244972931052032
1560244972964386048
1560244972997720064
1560244973031053056
1560244973064385792
1560244973097719040
1560244973131053056
1560244973164387072
1560244973197720064
1560244973231053056
1560244973264386048
1560244973297720064
1560244973331053056
1560244973364387072
1560244973397720064
1560244973431030016
1560244973464363008
1560244973497697024
1560244973531030016
1560244973564363008
1560244973597697024
1560244973631030016
1560244973664364032
1560244973697697024
1560244973731030016
1560244973764364032
1560244973797697024
1560244973831031040
1560244973864364032
1560244973897697024
1560244973931116032
1560244973964449024
1560244973997783040
1560244974031116032
1560244974064450048
1560244974097783040
1560244974131116032
1560244974164450048
1560244974197783040
1560244974231117056
1560244974264450048
1560244974297782784
1560244974331116800
1560244974364450048
1560244974397784064
1560244974430972928
1560244974464306176
1560244974497638912
1560244974530972928
1560244974564305920
1560244974597639936
1560244974630973184
1560244974664305920
1560244974697639936
1560244974730972928
1560244974764306944
1560244974797640192
1560244974830972928
1560244974864306944
1560244974897639936
1560244974930999040
1560244974964332032
1560244974997665792
1560244975030999040
1560244975064332032
1560244975097666048
1560244975130999040
1560244975164333056
1560244975197666048
1560244975230999040
1560244975264333056
1560244975297666048
1560244975331000064
1560244975364332800
1560244975397666048
1560244975431045888
1560244975464379904
1560244975497713152
1560244975531045888
1560244975564379904
1560244975597712896
1560244975631046912
1560244975664380160
1560244975697712896
1560244975731046912
1560244975764379904
1560244975797713920
1560244975831047168
1560244975864379904
1560244975897713920
1560244975930969856
1560244975964303872
1560244975997637120
1560244976030971136
1560244976064304128
1560244976097636864
1560244976130970880
1560244976164304128
1560244976197638144
1560244976230971136
1560244976264303872
1560244976297637888
1560244976330970880
1560244976364304896
1560244976397638144
1560244976431015936
1560244976464348928
1560244976497682944
1560244976531016192
1560244976564349952
1560244976597682944
1560244976631015936
1560244976664349952
1560244976697683200
1560244976731017216
1560244976764349952
1560244976797682944
1560244976831016960
1560244976864350976
1560244976897684224
1560244976930936064
1560244976964268800
1560244976997602048
1560244977030936064
1560244977064269056
1560244977097603072
1560244977130935808
1560244977164269056
1560244977197603072
1560244977230936064
1560244977264270080
1560244977297602816
1560244977330936064
1560244977364270080
1560244977397603072
1560244977430927104
1560244977464261120
1560244977497595136
1560244977530927872
1560244977564260864
1560244977597594112
1560244977630928128
1560244977664262144
1560244977697594880
1560244977730927872
1560244977764261120
1560244977797595136
1560244977830929152
1560244977864262144
1560244977897594880
1560244977930960896
1560244977964293888
1560244977997627136
1560244978030961152
1560244978064294144
1560244978097628160
1560244978130960896
1560244978164293888
1560244978197627904
1560244978230961152
1560244978264295168
1560244978297627904
1560244978330960896
1560244978364294912
1560244978397628160
1560244978430906112
1560244978464240128
1560244978497572864
1560244978530906880
1560244978564239872
1560244978597573888
1560244978630907136
1560244978664239872
1560244978697573888
1560244978730906880
1560244978764240896
1560244978797574144
1560244978830907136
1560244978864240896
1560244978897573888
1560244978930856960
1560244978964189952
1560244978997523968
1560244979030856960
1560244979064189952
1560244979097523968
1560244979130856960
1560244979164190976
1560244979197523968
1560244979230856960
1560244979264190976
1560244979297523968
1560244979330857984
1560244979364190976
1560244979397524224
1560244979430857984
1560244979464116992
1560244979497450240
1560244979530784000
1560244979564116992
1560244979597449984
1560244979630784000
1560244979664116992
1560244979697451008
1560244979730784000
1560244979764116992
1560244979797451008
1560244979830784000
1560244979864118016
1560244979897451008
1560244979930784000
1560244979964236032
1560244979997569024
1560244980030902016
1560244980064236032
1560244980097569024
1560244980130902016
1560244980164236032
1560244980197568768
1560244980230902784
1560244980264236032
1560244980297569024
1560244980330903040
1560244980364236032
1560244980397569792
1560244980430903040
1560244980464088832
1560244980497422080
1560244980530756096
1560244980564089088
1560244980597421824
1560244980630755840
1560244980664089088
1560244980697423104
1560244980730756096
1560244980764089088
1560244980797422848
1560244980830755840
1560244980864089088
1560244980897423104
1560244980930756096
1560244980964050944
1560244980997384960
1560244981030718208
1560244981064052224
1560244981097384960
1560244981130717952
1560244981164051968
1560244981197384960
1560244981230718976
1560244981264051968
1560244981297384960
1560244981330718976
1560244981364051968
1560244981397385984
1560244981430718976
1560244981464095232
1560244981497428992
1560244981530761984
1560244981564094976
1560244981597428992
1560244981630761984
1560244981664096000
1560244981697428992
1560244981730761984
1560244981764096000
1560244981797428992
1560244981830763008
1560244981864096000
1560244981897428992
1560244981930763008
1560244981964118016
1560244981997452032
1560244982030785024
1560244982064119040
1560244982097452032
1560244982130786048
1560244982164119040
1560244982197452032
1560244982230786048
1560244982264118784
1560244982297452800
1560244982330786048
1560244982364119040
1560244982397453056
1560244982430785792
1560244982464044032
1560244982497377024
1560244982530710016
1560244982564044032
1560244982597377024
1560244982630711040
1560244982664043776
1560244982697377024
1560244982730711040
1560244982764044032
1560244982797378048
1560244982830710784
1560244982864044032
1560244982897378048
1560244982930711040
1560244982964065024
1560244982997398016
1560244983030732032
1560244983064065024
1560244983097399040
1560244983130732032
1560244983164064768
1560244983197398784
1560244983230732800
1560244983264066048
1560244983297400064
1560244983330733056
1560244983364065792
1560244983397399040
1560244983430733056
1560244983463994880
1560244983497328896
1560244983530662144
1560244983563994880
1560244983597328896
1560244983630661888
1560244983663995904
1560244983697329152
1560244983730662144
1560244983763995904
1560244983797328896
1560244983830661888
1560244983863995904
1560244983897329152
1560244983930663168
1560244983964039168
1560244983997373184
1560244984030705920
1560244984064039936
1560244984097372928
1560244984130706944
1560244984164040192
1560244984197372928
1560244984230706944
1560244984264039936
1560244984297373952
1560244984330707200
1560244984364039936
1560244984397372928
1560244984430706944
1560244984464030976
1560244984497363968
1560244984530697216
1560244984564030976
1560244984597363968
1560244984630696960
1560244984664030976
1560244984697363968
1560244984730697984
1560244984764030976
1560244984797363968
1560244984830697984
1560244984864030976
1560244984897364992
1560244984930697984
1560244984963939072
1560244984997272064
1560244985030606080
1560244985063939072
1560244985097273088
1560244985130605824
1560244985163939840
1560244985197273088
1560244985230607104
1560244985263940096
1560244985297272832
1560244985330606848
1560244985363940096
1560244985397274112
1560244985430607104
1560244985463910144
1560244985497242880
1560244985530576896
1560244985563909888
1560244985597243904
1560244985630577152
1560244985663909888
1560244985697243904
1560244985730576896
1560244985763910912
1560244985797244160
1560244985830576896
1560244985863910912
1560244985897243904
1560244985930577920
1560244985963975936
1560244985997308928
1560244986030642944
1560244986063975936
1560244986097309952
1560244986130642944
1560244986163976960
1560244986197309952
1560244986230642944
1560244986263976960
1560244986297310208
1560244986330643968
1560244986363976960
1560244986397309952
1560244986430643968
1560244986463962112
1560244986497294848
1560244986530628864
1560244986563961856
1560244986597295872
1560244986630629120
1560244986663961856
1560244986697295872
1560244986730628864
1560244986763962880
1560244986797296128
1560244986830629120
1560244986863962880
1560244986897295872
1560244986930629120
1560244986963934976
1560244986997267968
1560244987030601984
1560244987063934976
1560244987097268992
1560244987130601984
1560244987163934976
1560244987197267968
1560244987230601984
1560244987263936000
1560244987297268992
1560244987330601984
1560244987363934976
1560244987397268992
1560244987430603008
1560244987463934976
1560244987497267968
1560244987530601984
1560244987563934976
1560244987597268992
1560244987630601984
1560244987663934976
1560244987697268992
1560244987730601984
1560244987763936000
1560244987797268992
1560244987830601984
1560244987863936000
1560244987897268992
1560244987930603008
1560244987963890176
1560244987997222912
1560244988030555904
1560244988063889920
1560244988097223168
1560244988130557184
1560244988163889920
1560244988197222912
1560244988230556928
1560244988263889920
1560244988297223936
1560244988330557184
1560244988363889920
1560244988397223936
1560244988430556928
1560244988463814144
1560244988497147136
1560244988530481152
1560244988563813888
1560244988597146880
1560244988630480896
1560244988663814144
1560244988697148160
1560244988730480896
1560244988763813888
1560244988797147904
1560244988830481152
1560244988863815168
1560244988897147904
1560244988930480896
1560244988963833088
1560244988997165824
1560244989030499072
1560244989063833088
1560244989097166080
1560244989130500096
1560244989163832832
1560244989197166080
1560244989230500096
1560244989263833088
1560244989297167104
1560244989330499840
1560244989363832832
1560244989397166848
1560244989430500096
1560244989463788032
1560244989497121024
1560244989530454016
1560244989563788032
1560244989597121024
1560244989630454016
1560244989663788032
1560244989697121024
1560244989730455040
1560244989763788032
1560244989797121024
1560244989830455040
1560244989863787776
1560244989897121792
1560244989930455040
1560244989963753984
1560244989997088000
1560244990030420992
1560244990063755008
1560244990097088000
1560244990130420992
1560244990163755008
1560244990197088000
1560244990230422016
1560244990263755008
1560244990297089024
1560244990330422016
1560244990363755008
1560244990397089024
1560244990430422016
1560244990463762944
1560244990497095936
1560244990530428928
1560244990563762944
1560244990597095936
1560244990630429952
1560244990663762944
1560244990697096192
1560244990730429952
1560244990763762944
1560244990797096960
1560244990830429952
1560244990863763200
1560244990897097216
1560244990930429952
1560244990963710976
1560244990997043968
1560244991030377984
1560244991063710976
1560244991097044992
1560244991130377984
1560244991163710976
1560244991197044992
1560244991230377984
1560244991263712000
1560244991297044992
1560244991330379008
1560244991363712000
1560244991397044992
1560244991430379008
1560244991463614976
1560244991496947968
1560244991530281984
1560244991563614976
1560244991596947968
1560244991630281984
1560244991663614976
1560244991696948992
1560244991730281984
1560244991763614976
1560244991796948992
1560244991830281984
1560244991863616000
1560244991896948992
1560244991930282240
1560244991963578112
1560244991996911104
1560244992030245120
1560244992063577856
1560244992096911872
1560244992130244864
1560244992163578112
1560244992196912128
1560244992230245120
1560244992263578880
1560244992296911872
1560244992330245120
1560244992363579136
1560244992396912128
1560244992430246144
1560244992463623936
1560244992496957952
1560244992530291200
1560244992563625216
1560244992596957952
1560244992630290944
1560244992663624960
1560244992696957952
1560244992730291968
1560244992763624960
1560244992796957952
1560244992830291968
1560244992863624960
1560244992896958976
1560244992930291968
1560244992963582976
1560244992996916992
1560244993030249984
1560244993063584000
1560244993096916992
1560244993130249984
1560244993163584000
1560244993196916992
1560244993230251008
1560244993263584000
1560244993296916992
1560244993330251008
1560244993363584000
1560244993396918016
1560244993430251008
1560244993463624960
1560244993496958976
1560244993530291968
1560244993563625984
1560244993596959232
1560244993630291968
1560244993663625984
1560244993696958976
1560244993730292992
1560244993763625984
1560244993796958976
1560244993830292992
1560244993863625984
1560244993896960000
1560244993930292992
1560244993963531008
1560244993996865024
1560244994030198016
1560244994063531008
1560244994096865024
1560244994130198016
1560244994163532032
1560244994196865024
1560244994230198016
1560244994263532032
1560244994296865024
1560244994330199040
1560244994363532032
1560244994396864768
1560244994430198784
1560244994463565056
1560244994496898816
1560244994530232064
1560244994563566080
1560244994596899072
1560244994630232064
1560244994663566080
1560244994696898816
1560244994730232832
1560244994763566080
1560244994796899072
1560244994830233088
1560244994863565824
1560244994896899840
1560244994930233088
1560244994963498240
1560244994996830976
1560244995030163968
1560244995063497984
1560244995096830976
