1560244286277900032
1560244286311234048
1560244286344567040
1560244286377899776
1560244286411233792
1560244286444567040
1560244286477901056
1560244286511234048
1560244286544567040
1560244286577900800
1560244286611234048
1560244286644568064
1560244286677901056
1560244286711234048
1560244286744568064
1560244286777798912
1560244286811132928
1560244286844465920
1560244286877798912
1560244286911132928
1560244286944466176
1560244286977799936
1560244287011132928
1560244287044465920
1560244287077799936
1560244287111133184
1560244287144467200
1560244287177799936
1560244287211132928
1560244287244466944
1560244287277800960
1560244287311134208
1560244287344468224
1560244287377800960
1560244287411133952
1560244287444467968
1560244287477800960
1560244287511134976
1560244287544467968
1560244287577800960
1560244287611134976
1560244287644467968
1560244287677801984
1560244287711134976
1560244287744467968
1560244287777731840
1560244287811065856
1560244287844398848
1560244287877733120
1560244287911066112
1560244287944399104
1560244287977732864
1560244288011065856
1560244288044399104
1560244288077733120
1560244288111066112
1560244288144399872
1560244288177732864
1560244288211066112
1560244288244400128
1560244288277753088
1560244288311085824
1560244288344419840
1560244288377753088
1560244288411087104
1560244288444420096
1560244288477752832
1560244288511086848
1560244288544420096
1560244288577754112
1560244288611087104
1560244288644419840
1560244288677753856
1560244288711087104
1560244288744421120
1560244288777671168
1560244288811003904
1560244288844337920
1560244288877670912
1560244288911004160
1560244288944338176
1560244288977670912
1560244289011004928
1560244289044337920
1560244289077671168
1560244289111005184
1560244289144337920
1560244289177671936
1560244289211004928
1560244289244337920
1560244289277702144
1560244289311034880
1560244289344367872
1560244289377701888
1560244289411035136
1560244289444367872
1560244289477701888
1560244289511034880
1560244289544368896
1560244289577702144
1560244289611035136
1560244289644368896
1560244289677701888
1560244289711035904
1560244289744369152
1560244289777615104
1560244289810947840
1560244289844281856
1560244289877614848
1560244289910948864
1560244289944282112
1560244289977616128
1560244290010948864
1560244290044281856
1560244290077615872
1560244290110949120
1560244290144283136
1560244290177615872
1560244290210948864
1560244290244282880
1560244290277676032
1560244290311009024
1560244290344343040
1560244290377676032
1560244290411010048
1560244290444343040
1560244290477676032
1560244290511010048
1560244290544343040
1560244290577677056
1560244290611010048
1560244290644342784
1560244290677676800
1560244290711010048
1560244290744344064
1560244290777602048
1560244290810935040
1560244290844269056
1560244290877603072
1560244290910936064
1560244290944269056
1560244290977602048
1560244291010936064
1560244291044270080
1560244291077603072
1560244291110935808
1560244291144269056
1560244291177603072
1560244291210937088
1560244291244270080
1560244291277554944
1560244291310887936
1560244291344221952
1560244291377554944
1560244291410887936
1560244291444221952
1560244291477554944
1560244291510888960
1560244291544222208
1560244291577554944
1560244291610888960
1560244291644221952
1560244291677555968
1560244291710889216
1560244291744221952
1560244291777553920
1560244291810887168
1560244291844219904
1560244291877553920
1560244291910886912
1560244291944220928
1560244291977554176
1560244292010886912
1560244292044220928
1560244292077553920
1560244292110887936
1560244292144221184
1560244292177553920
1560244292210887936
1560244292244220928
1560244292277544960
1560244292310878976
1560244292344211968
1560244292377545216
1560244292410878976
1560244292444211968
1560244292477544960
1560244292510878976
1560244292544212224
1560244292577545984
1560244292610878976
1560244292644211968
1560244292677545984
1560244292710878976
1560244292744212992
1560244292777513984
1560244292810846976
1560244292844180992
1560244292877513984
1560244292910846976
1560244292944180992
1560244292977513984
1560244293010846976
1560244293044180992
1560244293077513984
1560244293110848000
1560244293144180992
1560244293177513984
1560244293210848000
1560244293244180992
1560244293277530880
1560244293310864896
1560244293344197888
1560244293377531904
1560244293410865152
1560244293444197888
1560244293477531904
1560244293510864896
1560244293544198912
1560244293577532160
1560244293610866176
1560244293644198912
1560244293677531904
1560244293710865920
1560244293744198912
1560244293777508096
1560244293810841088
1560244293844175104
1560244293877507840
1560244293910841088
1560244293944175104
1560244293977508096
1560244294010842112
1560244294044174848
1560244294077508096
1560244294110842112
1560244294144175104
1560244294177508096
1560244294210841856
1560244294244174848
1560244294277477120
1560244294310810112
1560244294344144128
1560244294377476864
1560244294410810112
1560244294444144128
1560244294477477120
1560244294510811136
1560244294544143872
1560244294577476864
1560244294610810880
1560244294644144128
1560244294677478144
1560244294710810880
1560244294744143872
1560244294777467904
1560244294810801920
1560244294844135168
1560244294877469184
1560244294910801920
1560244294944134912
1560244294977468928
1560244295010801920
1560244295044135936
1560244295077469184
1560244295110801920
1560244295144135936
1560244295177468928
1560244295210802944
1560244295244136192
1560244295277442048
1560244295310775040
1560244295344109056
1560244295377441792
1560244295410775808
1560244295444109056
1560244295477442048
1560244295510776064
1560244295544109056
1560244295577442816
1560244295610776064
1560244295644109056
1560244295677443072
1560244295710776064
1560244295744110080
1560244295777395968
1560244295810728960
1560244295844062976
1560244295877396224
1560244295910728960
1560244295944062976
1560244295977395968
1560244296010729984
1560244296044062976
1560244296077395968
1560244296110729984
1560244296144062976
1560244296177396992
1560244296210729984
1560244296244062976
1560244296277394944
1560244296310728960
1560244296344062208
1560244296377394944
1560244296410728960
1560244296444061952
1560244296477395968
1560244296510728960
1560244296544061952
1560244296577395968
1560244296610728960
1560244296644062976
1560244296677395968
1560244296710728960
1560244296744062976
1560244296777328896
1560244296810662912
1560244296843996160
1560244296877329152
1560244296910662912
1560244296943995904
1560244296977328896
1560244297010662912
1560244297043996160
1560244297077330176
1560244297110662912
1560244297143995904
1560244297177329920
1560244297210663168
1560244297243997184
1560244297277409024
1560244297310743040
1560244297344076032
1560244297377410048
1560244297410743040
1560244297444077056
1560244297477410048
1560244297510742784
1560244297544076800
1560244297577410048
1560244297610744064
1560244297644077056
1560244297677409792
1560244297710743808
1560244297744077056
1560244297777270016
1560244297810603008
1560244297843936000
1560244297877270016
1560244297910603008
1560244297943937024
1560244297977269760
1560244298010603008
1560244298043937024
1560244298077270016
1560244298110604032
1560244298143937024
1560244298177270016
1560244298210604032
1560244298243937024
1560244298277260032
1560244298310594048
1560244298343926784
1560244298377260032
1560244298410594048
1560244298443927040
1560244298477261056
1560244298510593792
1560244298543927040
1560244298577261056
1560244298610594048
1560244298643928064
1560244298677261056
1560244298710594048
1560244298743927040
1560244298777296896
1560244298810630912
1560244298843964160
1560244298877298176
1560244298910630912
1560244298943963904
1560244298977297920
1560244299010631168
1560244299043965184
1560244299077297920
1560244299110631936
1560244299143964928
1560244299177298176
1560244299210632192
1560244299243964928
1560244299277282048
1560244299310615040
1560244299343947776
1560244299377281792
1560244299410615040
1560244299443949056
1560244299477282048
1560244299510615040
1560244299543948800
1560244299577282048
1560244299610615040
1560244299643949056
1560244299677282048
1560244299710616064
1560244299743949056
1560244299777282048
1560244299810503936
1560244299843836928
1560244299877170176
1560244299910504192
1560244299943836928
1560244299977170944
1560244300010503936
1560244300043837184
1560244300077171200
1560244300110503936
1560244300143837952
1560244300177170944
1560244300210503936
1560244300243837952
1560244300277170944
1560244300310415104
1560244300343748096
1560244300377082112
1560244300410414848
1560244300443748096
1560244300477082112
1560244300510415104
1560244300543749120
1560244300577081856
1560244300610415104
1560244300643749120
1560244300677082112
1560244300710416128
1560244300743748864
1560244300777081856
1560244300810489856
1560244300843823872
1560244300877156864
1560244300910490880
1560244300943824128
1560244300977157120
1560244301010490880
1560244301043823872
1560244301077157120
1560244301110491136
1560244301143824128
1560244301177158144
1560244301210490880
1560244301243824128
1560244301277158144
1560244301310466048
1560244301343799040
1560244301377132032
1560244301410466048
1560244301443799040
1560244301477133056
1560244301510466048
1560244301543799040
1560244301577133056
1560244301610466048
1560244301643800064
1560244301677133056
1560244301710465792
1560244301743799808
1560244301777133056
1560244301810509056
1560244301843843072
1560244301877176064
1560244301910510080
1560244301943842816
1560244301977176064
1560244302010510080
1560244302043843072
1560244302077177088
1560244302110510080
1560244302143842816
1560244302177176832
1560244302210510080
1560244302243844096
1560244302277177088
1560244302310481152
1560244302343813888
1560244302377146880
1560244302410480896
1560244302443814144
1560244302477148160
1560244302510481152
1560244302543813888
1560244302577147904
1560244302610480896
1560244302643815168
1560244302677148160
1560244302710480896
1560244302743814912
1560244302777147904
1560244302810486016
1560244302843819008
1560244302877152000
1560244302910486016
1560244302943819008
1560244302977153024
1560244303010485760
1560244303043819008
1560244303077153024
1560244303110486016
1560244303143820032
1560244303177153024
1560244303210486016
1560244303243820032
1560244303277153024
1560244303310445056
1560244303343777792
1560244303377111040
1560244303410445056
1560244303443778048
1560244303477112064
1560244303510445056
1560244303543778048
1560244303577112064
1560244303610445056
1560244303643779072
1560244303677112064
1560244303710444800
1560244303743779072
1560244303777112064
1560244303810436096
1560244303843770112
1560244303877103104
1560244303910435840
1560244303943769088
1560244303977103104
1560244304010437120
1560244304043770112
1560244304077102848
1560244304110435840
1560244304143769856
1560244304177103872
1560244304210437120
1560244304243769856
1560244304277102848
1560244304310387968
1560244304343721984
1560244304377054976
1560244304410388992
1560244304443721984
1560244304477054976
1560244304510388992
1560244304543721984
1560244304577056000
1560244304610388992
1560244304643721984
1560244304677056000
1560244304710388992
1560244304743723008
1560244304777056000
1560244304810355968
1560244304843688960
1560244304877022976
1560244304910355968
1560244304943689216
1560244304977022976
1560244305010355968
1560244305043688960
1560244305077022976
1560244305110355968
1560244305143689984
1560244305177022976
1560244305210355968
1560244305243689984
1560244305277022976
1560244305310360832
1560244305343694848
1560244305377028096
1560244305410361088
1560244305443695104
1560244305477027840
1560244305510361856
1560244305543694848
1560244305577028096
1560244305610362112
1560244305643695104
1560244305677028864
1560244305710361856
1560244305743695104
1560244305777029120
1560244305810331136
1560244305843663872
1560244305876997120
1560244305910331136
1560244305943664128
1560244305976998144
1560244306010330880
1560244306043663872
1560244306076997888
1560244306110331136
1560244306143665152
1560244306176997888
1560244306210330880
1560244306243664896
1560244306276998144
1560244306310355968
1560244306343688960
1560244306377022976
1560244306410355968
1560244306443689984
1560244306477022976
1560244306510355968
1560244306543689984
1560244306577022976
1560244306610356992
1560244306643689984
1560244306677022976
1560244306710356992
1560244306743689984
1560244306777024000
1560244306810280192
1560244306843614208
1560244306876946944
1560244306910279936
1560244306943613952
1560244306976946944
1560244307010280960
1560244307043613952
1560244307076946944
1560244307110280960
1560244307143613952
1560244307176947968
1560244307210280960
1560244307243613952
1560244307276946944
1560244307310286080
1560244307343619072
1560244307376952832
1560244307410285824
1560244307443619072
1560244307476953088
1560244307510286080
1560244307543620096
1560244307576952832
1560244307610286080
1560244307643620096
1560244307676953088
1560244307710287104
1560244307743619840
1560244307776953088
1560244307810304000
1560244307843638016
1560244307876971008
1560244307910305024
1560244307943638016
1560244307976971008
1560244308010305024
1560244308043638016
1560244308076972032
1560244308110305024
1560244308143638016
1560244308176972032
1560244308210305024
1560244308243639040
1560244308276972032
1560244308310260992
1560244308343593984
1560244308376926976
1560244308410260992
1560244308443593984
1560244308476928000
1560244308510260992
1560244308543595008
1560244308576928000
1560244308610260992
1560244308643595008
1560244308676928000
1560244308710262016
1560244308743595008
1560244308776928000
1560244308810302976
1560244308843635968
1560244308876969984
1560244308910303232
1560244308943635968
1560244308976969984
1560244309010302976
1560244309043636992
1560244309076969984
1560244309110302976
1560244309143636992
1560244309176969984
1560244309210304000
1560244309243636992
1560244309276969984
1560244309310196992
1560244309343529984
1560244309376864000
1560244309410196992
1560244309443531008
1560244309476864000
1560244309510196992
1560244309543531008
1560244309576864000
1560244309610198016
1560244309643531008
1560244309676864000
1560244309710198016
1560244309743531008
1560244309776865024
1560244309810214144
1560244309843547136
1560244309876880896
1560244309910213888
1560244309943547136
1560244309976881152
1560244310010214144
1560244310043548160
1560244310076880896
1560244310110213888
1560244310143547904
1560244310176881152
1560244310210215168
1560244310243547904
1560244310276880896
1560244310310136064
1560244310343468800
1560244310376802048
1560244310410136064
1560244310443469056
1560244310476803072
1560244310510135808
1560244310543469056
1560244310576802048
1560244310610136064
1560244310643469056
1560244310676803072
1560244310710136064
1560244310743469056
1560244310776803072
1560244310810113024
1560244310843447040
1560244310876780032
1560244310910114048
1560244310943447040
1560244310976780032
1560244311010114048
1560244311043447040
1560244311076781056
1560244311110114048
1560244311143447040
1560244311176781056
1560244311210114048
1560244311243448064
1560244311276781056
1560244311310077952
1560244311343411968
1560244311376744960
1560244311410078976
1560244311443411968
1560244311476744960
1560244311510078976
1560244311543412992
1560244311576745984
1560244311610078976
1560244311643412992
1560244311676745984
1560244311710080000
1560244311743412992
1560244311776745984
1560244311810065152
1560244311843399168
1560244311876732160
1560244311910064896
1560244311943398912
1560244311976731904
1560244312010065920
1560244312043399168
1560244312076731904
1560244312110065920
1560244312143398912
1560244312176732928
1560244312210066176
1560244312243398912
1560244312276732928
1560244312310086912
1560244312343420928
1560244312376753920
1560244312410087168
1560244312443420928
1560244312476753920
1560244312510086912
1560244312543420928
1560244312576754176
1560244312610088192
1560244312643420928
1560244312676753920
1560244312710087936
1560244312743421184
1560244312776755200
1560244312810051072
1560244312843384064
1560244312876718080
1560244312910051072
1560244312943383808
1560244312976717824
1560244313010051072
1560244313043385088
1560244313076718080
1560244313110050816
1560244313143384832
1560244313176718080
1560244313210052096
1560244313243385088
1560244313276717824
1560244313310096896
1560244313343430144
1560244313376763136
1560244313410096896
1560244313443429888
1560244313476763904
1560244313510097152
1560244313543430144
1560244313576764160
1560244313610096896
1560244313643430912
1560244313676763904
1560244313710097152
1560244313743431168
1560244313776763904
1560244313809974784
1560244313843308032
1560244313876641024
1560244313909975040
1560244313943308032
1560244313976641792
1560244314009975040
1560244314043308032
1560244314076642048
1560244314109975040
1560244314143309056
1560244314176642048
1560244314209975040
1560244314243309056
1560244314276642048
1560244314310044928
1560244314343378944
1560244314376712192
1560244314410044928
1560244314443378944
1560244314476711936
1560244314510045952
1560244314543378944
1560244314576711936
1560244314610045952
1560244314643378944
1560244314676712960
1560244314710045952
1560244314743379200
1560244314776712960
1560244314810035968
1560244314843369984
1560244314876702976
1560244314910036992
1560244314943369984
1560244314976702976
1560244315010036992
1560244315043371008
1560244315076704000
1560244315110036992
1560244315143371008
1560244315176704000
1560244315210038016
1560244315243371008
1560244315276704000
1560244315309858048
1560244315343192064
1560244315376524800
1560244315409858816
1560244315443192064
1560244315476525056
1560244315509859072
1560244315543191808
1560244315576525824
1560244315609859072
1560244315643192064
1560244315676526080
1560244315709858816
1560244315743192832
1560244315776526080
1560244315809958912
1560244315843291904
1560244315876625920
1560244315909959168
1560244315943291904
1560244315976625920
1560244316009958912
1560244316043292928
1560244316076626176
1560244316109958912
1560244316143292928
1560244316176625920
1560244316209959936
1560244316243292928
1560244316276626176
1560244316309897984
1560244316343230976
1560244316376564992
1560244316409897984
1560244316443231232
1560244316476564992
1560244316509897984
1560244316543232000
1560244316576564992
1560244316609897984
1560244316643232000
1560244316676564992
1560244316709899008
1560244316743232000
1560244316776564992
1560244316809846016
1560244316843179008
1560244316876513024
1560244316909846016
1560244316943179008
1560244316976513024
1560244317009846016
1560244317043180032
1560244317076513024
1560244317109846016
1560244317143179776
1560244317176513024
1560244317209847040
1560244317243180032
1560244317276513024
1560244317309718016
1560244317343051008
1560244317376385024
1560244317409718016
1560244317443052032
1560244317476385024
1560244317509718016
1560244317543052032
1560244317576385024
1560244317609719040
1560244317643052032
1560244317676385024
1560244317709719040
1560244317743052032
1560244317776386048
1560244317809719040
1560244317843121152
1560244317876454144
1560244317909786880
1560244317943120896
1560244317976454144
1560244318009788160
1560244318043121152
1560244318076453888
1560244318109787904
1560244318143120896
1560244318176454912
1560244318209788160
1560244318243120896
1560244318276454912
1560244318309787904
1560244318343123968
1560244318376456960
1560244318409790976
1560244318443123968
1560244318476457984
1560244318509790976
1560244318543123968
1560244318576457984
1560244318609790976
1560244318643124992
1560244318676457984
1560244318709790976
1560244318743124992
1560244318776457984
1560244318809792000
1560244318843077888
1560244318876411904
1560244318909744896
1560244318943078912
1560244318976412160
1560244319009744896
1560244319043078912
1560244319076411904
1560244319109745920
1560244319143079168
1560244319176412160
1560244319209745920
1560244319243078912
1560244319276411904
1560244319309745920
1560244319343118848
1560244319376452096
1560244319409786112
1560244319443119104
1560244319476452096
1560244319509785856
1560244319543118848
1560244319576452864
1560244319609786112
1560244319643119104
1560244319676453120
1560244319709785856
1560244319743119872
1560244319776453120
1560244319809786112
1560244319843101952
1560244319876434944
1560244319909768960
1560244319943101952
1560244319976434944
1560244320009768960
1560244320043101952
1560244320076435968
1560244320109769216
1560244320143101952
1560244320176435968
1560244320209768960
1560244320243102976
1560244320276435968
1560244320309768960
1560244320342991104
1560244320376323840
1560244320409657856
1560244320442991104
1560244320476325120
1560244320509658112
1560244320542990848
1560244320576324864
1560244320609658112
1560244320642992128
1560244320676325120
1560244320709657856
1560244320742991872
1560244320776324864
1560244320809658880
1560244320843010816
1560244320876344832
1560244320909678848
1560244320943012096
1560244320976346112
1560244321009679104
1560244321043011840
1560244321076345856
1560244321109679104
1560244321143013120
1560244321176346112
1560244321209678848
1560244321243012864
1560244321276345856
1560244321309679872
1560244321343010048
1560244321376344064
1560244321409677056
1560244321443011072
1560244321476344064
1560244321509677056
1560244321543011072
1560244321576344064
1560244321609678080
1560244321643011072
1560244321676343808
1560244321709677824
1560244321743011072
1560244321776345088
1560244321809678080
1560244321842989824
1560244321876323072
1560244321909657088
1560244321942990080
1560244321976324096
1560244322009656832
1560244322042990080
1560244322076324096
1560244322109657088
1560244322142991104
1560244322176323840
1560244322209657856
1560244322242990848
