1560000110947942912
1560000110981276928
1560000111014610176
1560000111047944192
1560000111081276928
1560000111114671872
1560000111148005120
1560000111181338112
1560000111214672128
1560000111248004864
1560000111281338880
1560000111314671872
1560000111348005120
1560000111381339136
1560000111414671872
1560000111448005888
1560000111481338880
1560000111514672128
1560000111548006144
1560000111581338880
1560000111614657024
1560000111647991040
1560000111681324032
1560000111714658048
1560000111747991040
1560000111781324032
1560000111814658048
1560000111847991040
1560000111881325056
1560000111914658048
1560000111947990784
1560000111981324800
1560000112014658048
1560000112047992064
1560000112081325056
1560000112114547968
1560000112147881984
1560000112181214976
1560000112214548224
1560000112247881984
1560000112281214976
1560000112314547968
1560000112347881984
1560000112381214976
1560000112414548992
1560000112447881984
1560000112481214976
1560000112514548992
1560000112547881984
1560000112581216000
1560000112614525952
1560000112647859968
1560000112681193216
1560000112714525952
1560000112747859968
1560000112781192960
1560000112814526976
1560000112847860224
1560000112881192960
1560000112914526976
1560000112947859968
1560000112981193984
1560000113014526976
1560000113047860992
1560000113081193984
1560000113114505984
1560000113147840000
1560000113181172992
1560000113214505984
1560000113247840000
1560000113281172992
1560000113314507008
1560000113347840000
1560000113381172992
1560000113414507008
1560000113447840000
1560000113481172992
1560000113514507008
1560000113547840000
1560000113581174016
1560000113614566144
1560000113647900160
1560000113681232896
1560000113714566912
1560000113747899904
1560000113781233152
1560000113814567168
1560000113847899904
1560000113881233920
1560000113914566912
1560000113947900160
1560000113981234176
1560000114014566912
1560000114047900928
1560000114081233920
1560000114114462976
1560000114147796992
1560000114181129984
1560000114214464000
1560000114247796992
1560000114281131008
1560000114314464000
1560000114347796992
1560000114381131008
1560000114414464000
1560000114447798016
1560000114481131008
1560000114514464000
1560000114547798016
1560000114581131008
1560000114614465024
1560000114647798016
1560000114681132032
1560000114714465024
1560000114747799040
1560000114781132032
1560000114814465024
1560000114847799040
1560000114881131776
1560000114914465792
1560000114947799040
1560000114981132032
1560000115014466048
1560000115047799040
1560000115081132800
1560000115114449920
1560000115147783936
1560000115181117184
1560000115214449920
1560000115247783936
1560000115281116928
1560000115314450944
1560000115347783936
1560000115381117184
1560000115414450944
1560000115447783936
1560000115481116928
1560000115514450944
1560000115547784192
1560000115581118208
1560000115614423040
1560000115647756032
1560000115681089024
1560000115714423040
1560000115747756032
1560000115781090048
1560000115814423040
1560000115847756032
1560000115881090048
1560000115914423040
1560000115947757056
1560000115981090048
1560000116014422784
1560000116047756800
1560000116081090048
1560000116114403072
1560000116147737088
1560000116181070080
1560000116214404096
1560000116247736832
1560000116281070080
1560000116314404096
1560000116347737088
1560000116381071104
1560000116414403840
1560000116447737088
1560000116481071104
1560000116514404096
1560000116547738112
1560000116581070848
1560000116614414080
1560000116647747072
1560000116681081088
1560000116714413824
1560000116747747840
1560000116781081088
1560000116814414080
1560000116847748096
1560000116881081088
1560000116914414848
1560000116947747840
1560000116981081088
1560000117014415104
1560000117047748096
1560000117081082112
1560000117114392064
1560000117147725056
1560000117181058816
1560000117214392064
1560000117247725056
1560000117281059072
1560000117314392064
1560000117347726080
1560000117381058816
1560000117414392064
1560000117447726080
1560000117481059072
1560000117514393088
1560000117547725824
1560000117581059072
1560000117614382080
1560000117647715072
1560000117681049088
1560000117714381824
1560000117747715072
1560000117781049088
1560000117814382080
1560000117847716096
1560000117881048832
1560000117914382080
1560000117947716096
1560000117981049088
1560000118014383104
1560000118047715840
1560000118081049088
1560000118114300928
1560000118147634944
1560000118180967936
1560000118214301952
1560000118247634944
1560000118280967936
1560000118314301952
1560000118347634944
1560000118380968960
1560000118414302208
1560000118447634944
1560000118480968960
1560000118514301952
1560000118547635968
1560000118580969216
1560000118614386176
1560000118647718912
1560000118681052928
1560000118714385920
1560000118747719936
1560000118781053184
1560000118814385920
1560000118847719936
1560000118881052928
1560000118914386944
1560000118947719936
1560000118981053184
1560000119014386944
1560000119047719936
1560000119081053952
1560000119114260992
1560000119147593984
1560000119180928000
1560000119214260992
1560000119247595008
1560000119280928000
1560000119314260992
1560000119347593984
1560000119380928000
1560000119414262016
1560000119447595008
1560000119480928000
1560000119514260992
1560000119547595008
1560000119580929024
1560000119614233088
1560000119647567104
1560000119680900096
1560000119714232832
1560000119747566848
1560000119780900096
1560000119814234112
1560000119847567104
1560000119880899840
1560000119914233856
1560000119947567104
1560000119980901120
1560000120014234112
1560000120047566848
1560000120080900864
1560000120114233088
1560000120147567104
1560000120180900096
1560000120214232832
1560000120247566848
1560000120280900096
1560000120314234112
1560000120347567104
1560000120380899840
1560000120414233856
1560000120447567104
1560000120480901120
1560000120514234112
1560000120547566848
1560000120580900864
1560000120614196992
1560000120647529984
1560000120680864000
1560000120714196992
1560000120747529984
1560000120780864000
1560000120814196992
1560000120847531008
1560000120880864000
1560000120914196992
1560000120947531008
1560000120980864000
1560000121014198016
1560000121047531008
1560000121080864000
1560000121114198016
1560000121147510016
1560000121180843008
1560000121214176000
1560000121247510016
1560000121280843008
1560000121314177024
1560000121347510016
1560000121380843008
1560000121414177024
1560000121447510016
1560000121480844032
1560000121514177024
1560000121547510016
1560000121580844032
1560000121614177024
1560000121647491840
1560000121680825856
1560000121714159104
1560000121747492096
1560000121780826112
1560000121814158848
1560000121847492864
1560000121880826112
1560000121914160128
1560000121947493120
1560000121980825856
1560000122014159872
1560000122047492864
1560000122080826880
1560000122114160128
1560000122147476992
1560000122180811008
1560000122214144000
1560000122247478016
1560000122280811008
1560000122314144000
1560000122347478016
1560000122380811008
1560000122414145024
1560000122447478016
1560000122480811008
1560000122514145024
1560000122547478016
1560000122580812032
1560000122614145024
1560000122647504128
1560000122680838144
1560000122714170880
1560000122747504896
1560000122780837888
1560000122814171136
1560000122847505152
1560000122880837888
1560000122914171904
