1560116808865494016
1560116808898828032
1560116808932161024
1560116808965495040
1560116808998828032
1560116809032161024
1560116809065495040
1560116809098828032
1560116809132162048
1560116809165370880
1560116809198704128
1560116809232038144
1560116809265371136
1560116809298703872
1560116809332037888
1560116809365370880
1560116809398704896
1560116809432038144
1560116809465370880
1560116809498704896
1560116809532037888
1560116809565371904
1560116809598705152
1560116809632038144
1560116809665352960
1560116809698686976
1560116809732019968
1560116809765352960
1560116809798686976
1560116809832019968
1560116809865353984
1560116809898686976
1560116809932019968
1560116809965353984
1560116809998686976
1560116810032020992
1560116810065353984
1560116810098686976
1560116810132020992
1560116810165395968
1560116810198729984
1560116810232062976
1560116810265396224
1560116810298729984
1560116810332062976
1560116810365395968
1560116810398729984
1560116810432062976
1560116810465396992
1560116810498729984
1560116810532062976
1560116810565396992
1560116810598729984
1560116810632064000
1560116810665358080
1560116810698690816
1560116810732024832
1560116810765358080
1560116810798692096
1560116810832025088
1560116810865358080
1560116810898691840
1560116810932024832
1560116810965358848
1560116810998692096
1560116811032025088
1560116811065359104
1560116811098691840
1560116811132025856
1560116811165359872
1560116811198693888
1560116811232027136
1560116811265360128
1560116811298693888
1560116811332026880
1560116811365360128
1560116811398694144
1560116811432027136
1560116811465361152
1560116811498693888
1560116811532026880
1560116811565360896
1560116811598694144
1560116811632028160
1560116811665422848
1560116811698756096
1560116811732090112
1560116811765423104
1560116811798757120
1560116811832089856
1560116811865422848
1560116811898756864
1560116811932090112
1560116811965424128
1560116811998756864
1560116812032089856
1560116812065423872
1560116812098757120
1560116812132091136
1560116812165266944
1560116812198599936
1560116812231933952
1560116812265266944
1560116812298600960
1560116812331933952
1560116812365266944
1560116812398600960
1560116812431934208
1560116812465267968
1560116812498600960
1560116812531933952
1560116812565267968
1560116812598601216
1560116812631934976
1560116812665235968
1560116812698569984
1560116812731902976
1560116812765235968
1560116812798569984
1560116812831902976
1560116812865236992
1560116812898569984
1560116812931902976
1560116812965236992
1560116812998569984
1560116813031904000
1560116813065236992
1560116813098569984
1560116813131904000
1560116813165256960
1560116813198590976
1560116813231923968
1560116813265257984
1560116813298590976
1560116813331923968
1560116813365257984
1560116813398590976
1560116813431924992
1560116813465257984
1560116813498590976
1560116813531924992
1560116813565257984
1560116813598592000
1560116813631924992
1560116813665221888
1560116813698555904
1560116813731888896
1560116813765222144
1560116813798556160
1560116813831888896
1560116813865222912
1560116813898555904
1560116813931889152
1560116813965223168
1560116813998555904
1560116814031889920
1560116814065222912
1560116814098556160
1560116814131890176
1560116814165118976
1560116814198452992
1560116814231785984
1560116814265118976
1560116814298452992
1560116814331785984
1560116814365120000
1560116814398452992
1560116814431785984
1560116814465120000
1560116814498452992
1560116814531787008
1560116814565120000
1560116814598454016
1560116814631787008
1560116814665158144
1560116814698492160
1560116814731825152
1560116814765157888
1560116814798491904
1560116814831824896
1560116814865158912
1560116814898492160
1560116814931824896
1560116814965158912
1560116814998491904
1560116815031825920
1560116815065159168
1560116815098491904
1560116815131825920
1560116815165121024
1560116815198455040
1560116815231788032
1560116815265122048
1560116815298455040
1560116815331788032
1560116815365122048
1560116815398454784
1560116815431788800
1560116815465122048
1560116815498455040
1560116815531789056
1560116815565121792
1560116815598455808
1560116815631789056
1560116815665169920
1560116815698503936
1560116815731836928
1560116815765170176
1560116815798504192
1560116815831836928
1560116815865170944
1560116815898503936
1560116815931837184
1560116815965171200
1560116815998503936
1560116816031837952
1560116816065170944
1560116816098504192
1560116816131838208
1560116816165113856
1560116816198447872
1560116816231781888
1560116816265115136
1560116816298449152
1560116816331782144
1560116816365114880
1560116816398448896
1560116816431781888
1560116816465115904
1560116816498449152
1560116816531781888
1560116816565114880
1560116816598448896
1560116816631782912
1560116816665046016
1560116816698379008
1560116816731713024
1560116816765045760
1560116816798379776
1560116816831713024
1560116816865047040
1560116816898380032
1560116816931713024
1560116816965046784
1560116816998380032
1560116817031713024
1560116817065047040
1560116817098380032
1560116817131714048
1560116817165120000
1560116817198452992
1560116817231785984
1560116817265120000
1560116817298452992
1560116817331787008
1560116817365120000
1560116817398454016
1560116817431787008
1560116817465120000
1560116817498454016
1560116817531787008
1560116817565121024
1560116817598454016
1560116817631787008
1560116817665121024
1560116817698419200
1560116817731751936
1560116817765084928
1560116817798418944
1560116817831751936
1560116817865084928
1560116817898418944
1560116817931751936
1560116817965085952
1560116817998418944
1560116818031752192
1560116818065085952
1560116818098418944
1560116818131752960
1560116818165085952
1560116818198402048
1560116818231735040
1560116818265069056
1560116818298402048
1560116818331736064
1560116818365068800
1560116818398402048
1560116818431736064
1560116818465069056
1560116818498403072
1560116818531735808
1560116818565069056
1560116818598403072
1560116818631736064
1560116818665070080
1560116818698332160
1560116818731666176
1560116818764998912
1560116818798331904
1560116818831665920
1560116818864999168
1560116818898333184
1560116818931665920
1560116818964998912
1560116818998332928
1560116819031665920
1560116819064999936
1560116819098332928
1560116819131665920
1560116819164999936
1560116819198297856
1560116819231631104
1560116819264965120
1560116819298297856
1560116819331630848
1560116819364964096
1560116819398298112
1560116819431632128
1560116819464965120
1560116819498297856
1560116819531631872
1560116819564965120
1560116819598299136
1560116819631632128
1560116819664964864
1560116819698342912
1560116819731676160
1560116819765008896
1560116819798342912
1560116819831675904
1560116819865009920
1560116819898343168
1560116819931677184
1560116819965009920
1560116819998342912
1560116820031676928
1560116820065010176
1560116820098344192
1560116820131676928
1560116820165009920
1560116820198276096
1560116820231609088
1560116820264942848
1560116820298275840
1560116820331609088
1560116820364943104
1560116820398276096
1560116820431610112
1560116820464942848
1560116820498276096
1560116820531610112
1560116820564943104
1560116820598277120
1560116820631609856
1560116820664943104
1560116820698251008
1560116820731584000
1560116820764916992
1560116820798251008
1560116820831584000
1560116820864918016
1560116820898251008
1560116820931584000
1560116820964918016
1560116820998251008
1560116821031585024
1560116821064918016
1560116821098252032
1560116821131584768
1560116821164918016
1560116821198246912
1560116821231579904
1560116821264913920
1560116821298247168
1560116821331581184
1560116821364913920
1560116821398246912
1560116821431580928
1560116821464914176
1560116821498248192
1560116821531580928
1560116821564913920
1560116821598247936
1560116821631581184
1560116821664915200
1560116821698358016
1560116821731692032
1560116821765025024
1560116821798359040
1560116821831692032
1560116821865025024
1560116821898359040
1560116821931691776
1560116821965025792
1560116821998359040
1560116822031692032
1560116822065026048
1560116822098359040
1560116822131692800
1560116822165026048
1560116822198268928
1560116822231601920
1560116822264935936
1560116822298268928
1560116822331602944
1560116822364936192
1560116822398268928
1560116822431602944
1560116822464935936
1560116822498269952
1560116822531603200
1560116822564937216
1560116822598269952
1560116822631602944
1560116822664936960
1560116822698306048
1560116822731638784
1560116822764972800
1560116822798306048
1560116822831640064
1560116822864973056
1560116822898305792
1560116822931639808
1560116822964973056
1560116822998307072
1560116823031640064
1560116823064973056
1560116823098306816
1560116823131640064
1560116823164973056
1560116823198107904
1560116823231440896
1560116823264774912
1560116823298108160
1560116823331440896
1560116823364774912
1560116823398107904
1560116823431441920
1560116823464775168
1560116823498107904
1560116823531441920
1560116823564774912
1560116823598108928
1560116823631442176
1560116823664774912
1560116823698124032
1560116823731458048
1560116823764791040
1560116823798125056
1560116823831458048
1560116823864791040
1560116823898125056
1560116823931458048
1560116823964792064
1560116823998125056
1560116824031457792
1560116824064791808
1560116824098125056
1560116824131459072
1560116824164792064
1560116824198148096
1560116824231481088
1560116824264813824
1560116824298147840
1560116824331481088
1560116824364815104
1560116824398148096
1560116824431480832
1560116824464814848
1560116824498147840
1560116824531481856
1560116824564815104
1560116824598148096
1560116824631481856
1560116824664814848
1560116824698113024
1560116824731447040
1560116824764780032
1560116824798113024
1560116824831446784
1560116824864780032
1560116824898113024
1560116824931447040
1560116824964780032
1560116824998114048
1560116825031447040
1560116825064780032
1560116825098114048
1560116825131447040
1560116825164781056
1560116825198039040
1560116825231373056
1560116825264705792
1560116825298039040
1560116825331373056
1560116825364706048
1560116825398040064
1560116825431372800
1560116825464706048
1560116825498040064
1560116825531373056
1560116825564707072
1560116825598040064
1560116825631373056
1560116825664707072
1560116825698060032
1560116825731393024
1560116825764726016
1560116825798060032
1560116825831393024
1560116825864727040
1560116825898060032
1560116825931393024
1560116825964727040
1560116825998060032
1560116826031394048
1560116826064727040
1560116826098059776
1560116826131393792
1560116826164727040
1560116826198041856
1560116826231375104
1560116826264709120
1560116826298042112
1560116826331374848
1560116826364708864
1560116826398041856
1560116826431375872
1560116826464709120
1560116826498043136
1560116826531375872
1560116826564708864
1560116826598042880
1560116826631376128
1560116826664710144
1560116826697985792
1560116826731319040
1560116826764652032
1560116826797986048
1560116826831319040
1560116826864653056
1560116826897986048
1560116826931319040
1560116826964653056
1560116826997986048
1560116827031320064
1560116827064652800
1560116827097986048
1560116827131320064
1560116827164653056
1560116827197992960
1560116827231326208
1560116827264659968
1560116827297992960
1560116827331325952
1560116827364659968
1560116827397992960
1560116827431327232
1560116827464659968
1560116827497992960
1560116827531326976
1560116827564659968
1560116827597993984
1560116827631326976
1560116827664659968
1560116827697933824
1560116827731267072
1560116827764601088
1560116827797934080
1560116827831268096
1560116827864600832
1560116827897934080
1560116827931268096
1560116827964601088
1560116827997935104
1560116828031267840
1560116828064600832
1560116828097934848
1560116828131268096
1560116828164602112
1560116828197927936
1560116828231260928
1560116828264594944
1560116828297928192
1560116828331260928
1560116828364594944
1560116828397927936
1560116828431261952
1560116828464595200
1560116828497927936
1560116828531261952
1560116828564594944
1560116828597928960
1560116828631261952
1560116828664594944
1560116828697946112
1560116828731278848
1560116828764611840
1560116828797945856
1560116828831279104
1560116828864613120
1560116828897945856
1560116828931278848
1560116828964612864
1560116828997946112
1560116829031280128
1560116829064613120
1560116829097945856
1560116829131279872
1560116829164613120
1560116829197869056
1560116829231201792
1560116829264535040
1560116829297869056
1560116829331202048
1560116829364536064
1560116829397869056
1560116829431202048
1560116829464536064
1560116829497869056
1560116829531203072
1560116829564536064
1560116829597868800
1560116829631202816
1560116829664536064
1560116829697907968
1560116829731240960
1560116829764574976
1560116829797907968
1560116829831240960
1560116829864574976
1560116829897907968
1560116829931241984
1560116829964574976
1560116829997908224
1560116830031241984
1560116830064574976
1560116830097907968
1560116830131241984
1560116830164574976
1560116830197843968
1560116830231177984
1560116830264511232
1560116830297843968
1560116830331177984
1560116830364510976
1560116830397844992
1560116830431177984
1560116830464510976
1560116830497844992
1560116830531177984
1560116830564512000
1560116830597844992
1560116830631177984
1560116830664512000
1560116830697890048
1560116830731223040
1560116830764556800
1560116830797890048
1560116830831224064
1560116830864557056
1560116830897890048
1560116830931224064
1560116830964557056
1560116830997891072
1560116831031224064
1560116831064557056
1560116831097891072
1560116831131223808
1560116831164557056
1560116831197803008
1560116831231137024
1560116831264470016
1560116831297803008
1560116831331137024
1560116831364470016
1560116831397804032
1560116831431137024
1560116831464470016
1560116831497804032
1560116831531137024
1560116831564471040
1560116831597804032
1560116831631136768
1560116831664470784
1560116831697814016
1560116831731147008
1560116831764481024
1560116831797814016
1560116831831147008
1560116831864481024
1560116831897814016
1560116831931148032
1560116831964481024
1560116831997814016
1560116832031148032
1560116832064481024
1560116832097815040
1560116832131148032
1560116832164481024
1560116832197815040
1560116832231148032
1560116832264482048
1560116832297815040
1560116832331149056
1560116832364482048
1560116832397816064
1560116832431149056
1560116832464482048
1560116832497816064
1560116832531148800
1560116832564482816
1560116832597816064
1560116832631150080
1560116832664483072
1560116832697742080
1560116832731076096
1560116832764409088
1560116832797741824
1560116832831075840
1560116832864409088
1560116832897743104
1560116832931076096
1560116832964409088
1560116832997742848
1560116833031075840
1560116833064409856
1560116833097743104
1560116833131076096
1560116833164410112
1560116833197752064
1560116833231085056
1560116833264417792
1560116833297751808
1560116833331085056
1560116833364419072
1560116833397753088
1560116833431085056
1560116833464418816
1560116833497752832
1560116833531086080
1560116833564420096
1560116833597753088
1560116833631086080
1560116833664419840
1560116833697711104
1560116833731045120
1560116833764378112
1560116833797710848
1560116833831044864
1560116833864377856
1560116833897711872
1560116833931045120
1560116833964378112
1560116833997711872
1560116834031044864
1560116834064378880
1560116834097712128
1560116834131045120
1560116834164378880
1560116834197701888
1560116834231034880
1560116834264368896
1560116834297702144
1560116834331034880
1560116834364368896
1560116834397701888
1560116834431035904
1560116834464369152
1560116834497701888
1560116834531035904
1560116834564368896
1560116834597702912
1560116834631036160
1560116834664369152
1560116834697801216
1560116834731133952
1560116834764467968
1560116834797800960
1560116834831134976
1560116834864468224
1560116834897800960
1560116834931134976
1560116834964467968
1560116834997801984
1560116835031134976
1560116835064467968
1560116835097801984
1560116835131134976
1560116835164468992
1560116835197655040
1560116835230988032
1560116835264322048
1560116835297655040
1560116835330988032
1560116835364322048
1560116835397655040
1560116835430989056
1560116835464322048
1560116835497655040
1560116835530989056
1560116835564322048
1560116835597656064
1560116835630989056
1560116835664321792
1560116835697652224
1560116835730986240
1560116835764318976
1560116835797651968
1560116835830985984
1560116835864318976
1560116835897652992
1560116835930985984
1560116835964318976
1560116835997652992
1560116836030985984
1560116836064320000
1560116836097652992
1560116836130987008
1560116836164320000
1560116836197652992
1560116836230516992
1560116836263851008
1560116836297184000
1560116836330516992
1560116836363851008
1560116836397184000
1560116836430518016
1560116836463851008
1560116836497184000
1560116836530518016
1560116836563851008
1560116836597185024
1560116836630518016
1560116836663851008
1560116836697185024
1560116836730892032
1560116836764226048
1560116836797559040
1560116836830893056
1560116836864226048
1560116836897559040
1560116836930893056
1560116836964226048
1560116836997560064
1560116837030893056
1560116837064225792
1560116837097559808
1560116837130893056
1560116837164227072
1560116837197560064
1560116837230897920
1560116837264231936
1560116837297564928
1560116837330898944
1560116837364231936
1560116837397564928
1560116837430898944
1560116837464231936
1560116837497565952
1560116837530898944
1560116837564232192
1560116837597565952
1560116837630898944
1560116837664231936
1560116837697565952
1560116837730918912
1560116837764252928
1560116837797585920
1560116837830919936
1560116837864252928
1560116837897586176
1560116837930919936
1560116837964252928
1560116837997586944
1560116838030919936
1560116838064253184
1560116838097587200
1560116838130919936
1560116838164253952
1560116838197586944
1560116838230851840
1560116838264184832
1560116838297518848
1560116838330852096
1560116838364186112
1560116838397519104
1560116838430851840
1560116838464185856
1560116838497519104
1560116838530853120
1560116838564186112
1560116838597518848
1560116838630852864
1560116838664186112
1560116838697520128
1560116838730846976
1560116838764180992
1560116838797513984
1560116838830848000
1560116838864180992
1560116838897513984
1560116838930848000
1560116838964180992
1560116838997513984
1560116839030848000
1560116839064180992
1560116839097515008
1560116839130848000
1560116839164180992
1560116839197515008
1560116839230928896
1560116839264262912
1560116839297595904
1560116839330929920
1560116839364263168
1560116839397595904
1560116839430929920
1560116839464262912
1560116839497596928
1560116839530929920
1560116839564263168
1560116839597595904
1560116839630929920
1560116839664262912
1560116839697596928
1560116839730897920
1560116839764231936
1560116839797564928
1560116839830898944
1560116839864231936
1560116839897564928
1560116839930898944
1560116839964231936
1560116839997565952
1560116840030898944
1560116840064232192
1560116840097565952
1560116840130898944
1560116840164232960
1560116840197565952
1560116840230809088
1560116840264143104
1560116840297476096
1560116840330810112
1560116840364142848
1560116840397475840
1560116840430809856
1560116840464143104
1560116840497477120
1560116840530810112
1560116840564142848
1560116840597476864
1560116840630810112
1560116840664144128
1560116840697477120
1560116840730746880
1560116840764080128
1560116840797414144
1560116840830746880
1560116840864079872
1560116840897413888
1560116840930747136
1560116840964081152
1560116840997414144
1560116841030746880
1560116841064080896
1560116841097414144
1560116841130748160
1560116841164081152
1560116841197413888
1560116841230774016
1560116841264107008
1560116841297441024
1560116841330774016
1560116841364107008
1560116841397441024
1560116841430774016
1560116841464108032
1560116841497441024
1560116841530774016
1560116841564107776
1560116841597441024
1560116841630775040
1560116841664108032
1560116841697442048
1560116841730694144
1560116841764027136
1560116841797360896
1560116841830693888
1560116841864027136
1560116841897361152
1560116841930694144
1560116841964027904
1560116841997360896
1560116842030693888
1560116842064027904
1560116842097361152
1560116842130695168
1560116842164027904
1560116842197360896
1560116842230736128
1560116842264069120
1560116842297403136
1560116842330735872
1560116842364068864
1560116842397402880
1560116842430736128
1560116842464070144
1560116842497402880
1560116842530735872
1560116842564069888
1560116842597403136
1560116842630737152
1560116842664069888
1560116842697402880
1560116842730732032
1560116842764065024
1560116842797399040
1560116842830732032
1560116842864065024
1560116842897399040
1560116842930732032
1560116842964065024
1560116842997399040
1560116843030733056
1560116843064066048
1560116843097399040
1560116843130733056
1560116843164066048
1560116843197400064
1560116843230659840
1560116843263993856
1560116843297327104
1560116843330660096
1560116843363993856
1560116843397326848
1560116843430660864
1560116843463994112
1560116843497327104
1560116843530661120
1560116843563993856
1560116843597327872
1560116843630661120
1560116843663994112
1560116843697328128
1560116843730704896
1560116843764038144
1560116843797370880
1560116843830704896
1560116843864037888
1560116843897371904
1560116843930705152
1560116843964037888
1560116843997371904
1560116844030704896
1560116844064038912
1560116844097372160
1560116844130705152
1560116844164038912
1560116844197371904
1560116844230607872
1560116844263941120
1560116844297275136
1560116844330607872
1560116844363940864
1560116844397274880
1560116844430608128
1560116844463942144
1560116844497275136
1560116844530607872
1560116844563941888
1560116844597275136
1560116844630609152
1560116844663942144
1560116844697274880
1560116844730600192
1560116844763932928
1560116844797265920
1560116844830599936
1560116844863933952
1560116844897267200
1560116844930599936
1560116844963933952
1560116844997266944
1560116845030600960
1560116845063934208
1560116845097266944
1560116845130600960
1560116845163933952
1560116845197266944
1560116845230618112
1560116845263951104
1560116845297283840
1560116845330616832
1560116845363950848
1560116845397284864
1560116845430618112
1560116845463951104
1560116845497283840
1560116845530617856
1560116845563951104
1560116845597285120
1560116845630618112
1560116845663950848
1560116845697284864
1560116845730530048
1560116845763863040
1560116845797196032
1560116845830530048
1560116845863863040
1560116845897197056
1560116845930530048
1560116845963862784
1560116845997196800
1560116846030530048
1560116846063864064
1560116846097197056
1560116846130530048
1560116846163863808
1560116846197197056
1560116846230519040
1560116846263851776
1560116846297185792
1560116846330519040
1560116846363853056
1560116846397186048
1560116846430519040
1560116846463852800
1560116846497186048
1560116846530519040
1560116846563853056
1560116846597186048
1560116846630520064
1560116846663853056
1560116846697186048
1560116846730492160
1560116846763825920
1560116846797158912
1560116846830492928
1560116846863825920
1560116846897159168
1560116846930493184
1560116846963825920
1560116846997159936
1560116847030492928
1560116847063826176
1560116847097160192
1560116847130492928
1560116847163826944
1560116847197159936
1560116847230475776
1560116847263809024
1560116847297143040
1560116847330476032
1560116847363809024
1560116847397142784
1560116847430476032
1560116847463809024
1560116847497143040
1560116847530476032
1560116847563810048
1560116847597143040
1560116847630476032
1560116847663810048
1560116847697143040
1560116847730505984
1560116847763838976
1560116847797172992
1560116847830505984
1560116847863840000
1560116847897172992
1560116847930505984
1560116847963840000
1560116847997172992
1560116848030507008
1560116848063840000
1560116848097172992
1560116848130507008
1560116848163840000
1560116848197174016
1560116848230500096
1560116848263834112
1560116848297167104
1560116848330499840
1560116848363833856
1560116848397166848
1560116848430500864
1560116848463834112
1560116848497168128
1560116848530500864
1560116848563833856
1560116848597167872
1560116848630501120
1560116848663835136
1560116848697168128
1560116848730499072
1560116848763832064
1560116848797166080
1560116848830498816
1560116848863832064
1560116848897166080
1560116848930499072
1560116848963833088
1560116848997165824
1560116849030499072
1560116849063833088
1560116849097166080
1560116849130500096
1560116849163832832
1560116849197166080
1560116849230434048
1560116849263767040
1560116849297100032
1560116849330434048
1560116849363766784
1560116849397100800
1560116849430434048
1560116849463767040
1560116849497101056
1560116849530433792
1560116849563767808
1560116849597101056
1560116849630434048
1560116849663768064
1560116849697101056
1560116849730424832
1560116849763758848
1560116849797091840
1560116849830425856
1560116849863759104
1560116849897092096
1560116849930425856
1560116849963758848
1560116849997092096
1560116850030426112
1560116850063759104
1560116850097093120
1560116850130425856
1560116850163759104
1560116850197093120
1560116850230386944
1560116850263719936
1560116850297053952
1560116850330387200
1560116850363719936
1560116850397053952
1560116850430386944
1560116850463720960
1560116850497054208
1560116850530386944
1560116850563720960
1560116850597053952
1560116850630387968
1560116850663720960
1560116850697053952
1560116850730328064
1560116850763660800
1560116850796994816
1560116850830328064
1560116850863662080
1560116850896995072
1560116850930327808
1560116850963661824
1560116850996995072
1560116851030329088
1560116851063662080
1560116851096995072
1560116851130328832
1560116851163662080
1560116851196995072
1560116851230336000
1560116851263668992
1560116851297003008
1560116851330336000
1560116851363668992
1560116851397003008
1560116851430336000
1560116851463670016
1560116851497003008
1560116851530336000
1560116851563670016
1560116851597003008
1560116851630337024
1560116851663670016
1560116851697003008
1560116851730324992
1560116851763657984
1560116851796991232
1560116851830324992
1560116851863657984
1560116851896992000
1560116851930324992
1560116851963657984
1560116851996992000
1560116852030324992
1560116852063659008
1560116852096992000
1560116852130326016
1560116852163659008
1560116852196992000
1560116852230278912
1560116852263612928
1560116852296946176
1560116852330280192
1560116852363612928
1560116852396945920
1560116852430279936
1560116852463612928
1560116852496946944
1560116852530280192
1560116852563612928
1560116852596946944
1560116852630279936
1560116852663613952
1560116852696947200
1560116852730260992
1560116852763593984
1560116852796928000
1560116852830260992
1560116852863595008
1560116852896928000
1560116852930260992
1560116852963595008
1560116852996928000
1560116853030262016
1560116853063595008
1560116853096928000
1560116853130262016
1560116853163595008
1560116853196929024
1560116853230262016
1560116853263595008
1560116853296928000
1560116853330262016
1560116853363595008
1560116853396929024
1560116853430262016
1560116853463595008
1560116853496929024
1560116853530262016
1560116853563596032
1560116853596929024
1560116853630262016
1560116853663596032
1560116853696929024
1560116853730212864
1560116853763546880
1560116853796880128
1560116853830213120
1560116853863547136
1560116853896879872
1560116853930213888
1560116853963546880
1560116853996880128
1560116854030214144
1560116854063546880
1560116854096880896
1560116854130213888
1560116854163547136
1560116854196881152
1560116854230180864
1560116854263514112
1560116854296847104
1560116854330180864
1560116854363513856
1560116854396847104
1560116854430181120
1560116854463514112
1560116854496846848
1560116854530180864
1560116854563514112
1560116854596848128
1560116854630181120
1560116854663513856
1560116854696847872
1560116854730225920
1560116854763559168
1560116854796891904
1560116854830225920
1560116854863558912
1560116854896892928
1560116854930226176
1560116854963558912
1560116854996892928
1560116855030225920
1560116855063559936
1560116855096893184
1560116855130225920
1560116855163559936
1560116855196892928
1560116855230187776
1560116855263521792
1560116855296855040
1560116855330189056
1560116855363522048
1560116855396855040
1560116855430188800
1560116855463522048
1560116855496855040
1560116855530189056
1560116855563522048
1560116855596856064
1560116855630189056
1560116855663522048
1560116855696856064
1560116855730189056
1560116855763452160
1560116855796786176
1560116855830118912
1560116855863451904
1560116855896785920
1560116855930118912
1560116855963452928
1560116855996786176
1560116856030118912
1560116856063452928
1560116856096785920
1560116856130119936
1560116856163453184
1560116856196785920
1560116856230119936
1560116856263483136
1560116856296816128
1560116856330149888
1560116856363482880
1560116856396816128
1560116856430150144
1560116856463483136
1560116856496817152
1560116856530149888
1560116856563482880
1560116856596816896
1560116856630150144
1560116856663484160
1560116856696816896
1560116856730149888
1560116856763459072
1560116856796793088
1560116856830126080
1560116856863460096
1560116856896792832
1560116856930126848
1560116856963460096
1560116856996794112
1560116857030127104
1560116857063460096
1560116857096793856
1560116857130126848
1560116857163460096
1560116857196794112
1560116857230127104
1560116857263449856
1560116857296783872
1560116857330116864
1560116857363450880
1560116857396784128
1560116857430116864
1560116857463450880
1560116857496783872
1560116857530117888
1560116857563451136
1560116857596784128
1560116857630117888
1560116857663450880
1560116857696784896
1560116857730118144
1560116857763444992
1560116857796777984
1560116857830112000
1560116857863444992
1560116857896779008
1560116857930112000
1560116857963444992
1560116857996777984
1560116858030112000
1560116858063446016
1560116858096779008
1560116858130112000
1560116858163444992
1560116858196779008
1560116858230113024
1560116858263368960
1560116858296701952
1560116858330035968
1560116858363368960
1560116858396701952
1560116858430035968
1560116858463368960
1560116858496702976
1560116858530035968
1560116858563368960
1560116858596702976
1560116858630036224
1560116858663369984
1560116858696702976
1560116858730035968
1560116858763353088
1560116858796686848
1560116858830019840
1560116858863353088
1560116858896687104
1560116858930020096
1560116858963354112
1560116858996686848
1560116859030020096
1560116859063354112
1560116859096687104
1560116859130021120
1560116859163353856
1560116859196687104
1560116859230021120
1560116859263300864
1560116859296633856
1560116859329967872
1560116859363301120
1560116859396635136
1560116859429968128
1560116859463300864
1560116859496634880
1560116859529968128
1560116859563302144
1560116859596635136
1560116859629967872
1560116859663301888
1560116859696634880
1560116859729969152
1560116859763340032
1560116859796673024
1560116859830007040
1560116859863339776
1560116859896673024
1560116859930007040
1560116859963340032
1560116859996674048
1560116860030006784
1560116860063340032
1560116860096674048
1560116860130007040
1560116860163341056
1560116860196674048
1560116860230007040
1560116860263273984
1560116860296608000
1560116860329940992
1560116860363275008
1560116860396608000
1560116860429940992
1560116860463275008
1560116860496608000
1560116860529942016
1560116860563275008
1560116860596608000
1560116860629942016
1560116860663275008
1560116860696609024
1560116860739940864
1560116860763267072
1560116860806600192
1560116860829933824
1560116860873265920
1560116860906599936
1560116860939933184
1560116860973267200
1560116861006599936
1560116861039932928
1560116861073266944
1560116861106599936
1560116861139933952
1560116861173266944
1560116861206599936
1560116861239932928
1560116861273245952
1560116861296580096
1560116861329914112
1560116861373245952
1560116861406578944
1560116861429914112
1560116861463247104
1560116861496581120
1560116861529913856
1560116861563246848
1560116861596580864
1560116861629914112
1560116861663248128
1560116861696580864
1560116861729913856
1560116861763247104
1560116861796580096
1560116861829912832
1560116861863246848
