1560000122947504896
1560000122980838144
1560000123014172160
1560000123047504896
1560000123080838912
1560000123114171904
1560000123147437056
1560000123180770048
1560000123214103040
1560000123247437056
1560000123280770048
1560000123314104064
1560000123347436800
1560000123380770048
1560000123414104064
1560000123447437056
1560000123480771072
1560000123514103808
1560000123547437056
1560000123580771072
1560000123614104064
1560000123647401984
1560000123680736000
1560000123714068992
1560000123747401984
1560000123780736000
1560000123814068992
1560000123847403008
1560000123880736000
1560000123914068992
1560000123947403008
1560000123980736000
1560000124014070016
1560000124047403008
1560000124080736000
1560000124114070016
1560000124147425024
1560000124180758016
1560000124214092032
1560000124247425024
1560000124280758016
1560000124314092032
1560000124347425024
1560000124380759040
1560000124414092032
1560000124447424768
1560000124480758784
1560000124514092032
1560000124547426048
1560000124580759040
1560000124614092032
1560000124647382016
1560000124680716032
1560000124714050048
1560000124747383040
1560000124780716032
1560000124814049024
1560000124847383040
1560000124880717056
1560000124914050048
1560000124947383040
1560000124980716032
1560000125014050048
1560000125047384064
1560000125080717056
1560000125114049792
1560000125147372032
1560000125180706048
1560000125214039040
1560000125247372032
1560000125280706048
1560000125314039040
1560000125347373056
1560000125380706048
1560000125414038784
1560000125447372800
1560000125480706048
1560000125514040064
1560000125547373056
1560000125580705792
1560000125614039808
1560000125647339008
1560000125680672768
1560000125714006016
1560000125747339008
1560000125780673024
1560000125814006016
1560000125847340032
1560000125880673024
1560000125914007040
1560000125947340032
1560000125980673024
1560000126014007040
1560000126047340032
1560000126080674048
1560000126114007040
1560000126147307008
1560000126180640000
1560000126213972992
1560000126247307008
1560000126280641024
1560000126313974016
1560000126347307008
1560000126380641024
1560000126413974016
1560000126447308032
1560000126480640768
1560000126513974016
1560000126547308032
1560000126580641024
1560000126613975040
1560000126647342080
1560000126680676096
1560000126714009088
1560000126747343104
1560000126780675840
1560000126814008832
1560000126847342848
1560000126880676096
1560000126914010112
1560000126947343104
1560000126980675840
1560000127014009856
1560000127047343104
1560000127080677120
1560000127114010112
1560000127147255040
1560000127180589056
1560000127213922048
1560000127247256064
1560000127280589056
1560000127313922048
1560000127347256064
1560000127380589056
1560000127413923072
1560000127447256064
1560000127480588800
1560000127513922816
1560000127547256064
1560000127580590080
1560000127613923072
1560000127647234048
1560000127680567040
1560000127713901056
1560000127747234048
1560000127780567808
1560000127813901056
1560000127847234048
1560000127880568064
1560000127913901056
1560000127947235072
1560000127980567808
1560000128013901056
1560000128047235072
1560000128080568064
1560000128113902080
1560000128147258880
1560000128180592128
1560000128213924864
1560000128247258880
1560000128280591872
1560000128313925888
1560000128347259136
1560000128380592128
1560000128413925888
1560000128447258880
1560000128480592128
1560000128513926144
1560000128547259136
1560000128580593152
1560000128613925888
1560000128647193856
1560000128680526848
1560000128713860864
1560000128747194112
1560000128780527104
1560000128813860864
1560000128847193856
1560000128880527104
1560000128913861120
1560000128947194112
1560000128980528128
1560000129013860864
1560000129047194112
1560000129080528128
1560000129113861120
1560000129147187968
1560000129180520960
1560000129213854976
1560000129247187968
1560000129280520960
1560000129313854976
1560000129347187968
1560000129380521984
1560000129413854976
1560000129447187968
1560000129480520960
1560000129513854976
1560000129547188992
1560000129580521984
1560000129613854976
1560000129647169024
1560000129680502016
1560000129713836032
1560000129747169024
1560000129780503040
1560000129813836032
1560000129847169024
1560000129880503040
1560000129913836032
1560000129947170048
1560000129980503040
1560000130013836032
1560000130047170048
1560000130080503040
1560000130113837056
1560000130147138048
1560000130180471040
1560000130213805056
1560000130247139072
1560000130280472064
1560000130313805056
1560000130347138816
1560000130380472064
1560000130413805056
1560000130447139072
1560000130480472064
1560000130513806080
1560000130547138816
1560000130580472064
1560000130613806080
1560000130647129088
1560000130680461824
1560000130713795840
1560000130747129088
1560000130780463104
1560000130813796096
1560000130847129088
1560000130880462848
1560000130913795840
1560000130947129856
1560000130980463104
1560000131013796096
1560000131047130112
1560000131080462848
1560000131113796864
1560000131147085824
1560000131180419072
1560000131213753088
1560000131247087104
1560000131280420096
1560000131313752832
1560000131347086080
1560000131380420096
1560000131413754112
1560000131447087104
1560000131480420096
1560000131513752832
1560000131547086848
1560000131580420096
1560000131613754112
1560000131647067136
1560000131680401152
1560000131713733888
1560000131747066880
1560000131780400896
1560000131813734144
1560000131847068160
1560000131880400896
1560000131913733888
1560000131947067904
1560000131980401152
1560000132013735168
1560000132047068160
1560000132080400896
1560000132113734912
1560000132147047168
1560000132180381184
1560000132213713920
1560000132247047936
1560000132280380928
1560000132313713920
1560000132347047936
1560000132380381184
1560000132413714944
1560000132447047936
1560000132480380928
1560000132513714944
1560000132547048192
1560000132580382208
1560000132613714944
1560000132647025152
1560000132680357888
1560000132713691904
1560000132747024896
1560000132780358912
1560000132813692160
1560000132847024896
1560000132880358912
1560000132913691904
1560000132947025920
1560000132980359168
1560000133013691904
1560000133047025920
1560000133080358912
1560000133113692928
1560000133147005184
1560000133180339200
1560000133213671936
1560000133247004928
1560000133280338944
1560000133313672192
1560000133347006208
1560000133380338944
1560000133413671936
1560000133447005952
1560000133480338944
1560000133513672960
1560000133547005952
1560000133580338944
1560000133613672960
1560000133646992896
1560000133680325888
1560000133713659904
1560000133746993152
1560000133780325888
1560000133813659904
1560000133846992896
1560000133880326912
1560000133913660160
1560000133946993152
1560000133980326912
1560000134013659904
1560000134046993920
1560000134080326912
1560000134113660160
1560000134146998784
1560000134180332032
1560000134213666048
1560000134246999040
1560000134280333056
1560000134313666048
1560000134346999040
1560000134380333056
1560000134413666048
1560000134447000064
1560000134480333056
1560000134513665792
1560000134546999808
1560000134580333056
1560000134613667072
1560000134646992896
1560000134680326912
1560000134713659904
1560000134746993152
1560000134780327168
1560000134813659904
1560000134846993920
1560000134880326912
1560000134913660160
1560000134946994176
1560000134980326912
1560000135013660928
1560000135046993920
1560000135080327936
1560000135113660928
1560000135146935040
1560000135180268032
1560000135213601024
1560000135246934784
1560000135280268032
1560000135313601024
1560000135346935040
1560000135380268032
1560000135413602048
1560000135446935040
1560000135480268032
1560000135513602048
1560000135546935040
1560000135580269056
1560000135613602048
1560000135646908928
1560000135680242176
1560000135713574912
1560000135746908928
1560000135780241920
1560000135813575936
1560000135846908928
1560000135880242176
1560000135913575936
1560000135946908928
1560000135980242944
1560000136013575936
1560000136046909184
1560000136080243200
1560000136113575936
1560000136146887936
1560000136180221184
1560000136213555200
1560000136246887936
1560000136280220928
1560000136313554944
1560000136346888960
1560000136380222208
1560000136413554944
1560000136446887936
1560000136480221952
1560000136513554944
1560000136546888960
1560000136580221952
1560000136613554944
1560000136646888960
1560000136680221952
1560000136713555200
1560000136746889216
1560000136780221952
1560000136813555968
1560000136846888960
1560000136880222208
1560000136913556224
1560000136946888960
1560000136980222976
1560000137013555968
1560000137046888960
1560000137080222976
1560000137113555968
1560000137146842112
1560000137180176128
1560000137213509120
1560000137246843136
1560000137280175872
1560000137313508864
1560000137346842880
1560000137380176128
1560000137413510144
1560000137446842880
1560000137480175872
1560000137513509888
1560000137546843136
1560000137580177152
1560000137613509888
1560000137646819072
1560000137680152064
1560000137713485056
1560000137746819072
1560000137780152064
1560000137813486080
1560000137846818816
1560000137880152832
1560000137913486080
1560000137946819072
1560000137980153088
1560000138013485824
1560000138046819840
1560000138080153088
1560000138113486080
1560000138146800128
1560000138180134144
1560000138213466880
1560000138246799872
1560000138280133888
1560000138313467136
1560000138346801152
1560000138380134144
1560000138413467904
1560000138446800896
1560000138480133888
1560000138513467904
1560000138546801152
1560000138580135168
1560000138613467904
1560000138646832896
1560000138680165888
1560000138713499904
1560000138746833152
1560000138780167168
1560000138813499904
1560000138846832896
1560000138880166912
1560000138913500160
1560000138946834176
1560000138980166912
1560000139013499904
1560000139046833920
1560000139080167168
1560000139113501184
1560000139146793984
1560000139180126976
1560000139213460992
1560000139246793984
1560000139280128000
1560000139313460992
1560000139346793984
1560000139380128000
1560000139413460992
1560000139446795008
1560000139480128000
1560000139513460992
1560000139546795008
1560000139580128000
1560000139613460992
1560000139646738944
1560000139680072192
1560000139713406208
1560000139746738944
1560000139780071936
1560000139813405952
1560000139846738944
1560000139880072960
1560000139913405952
1560000139946738944
1560000139980072960
1560000140013405952
1560000140046739968
1560000140080073216
1560000140113405952
1560000140146742016
1560000140180075776
1560000140213409024
1560000140246742016
1560000140280076032
1560000140313409024
1560000140346743040
1560000140380076032
1560000140413409024
1560000140446743040
1560000140480076032
1560000140513410048
1560000140546743040
1560000140580077056
1560000140613410048
1560000140646691072
1560000140680023808
1560000140713357824
1560000140746691072
1560000140780025088
1560000140813358080
1560000140846690816
1560000140880024832
1560000140913358080
1560000140946692096
1560000140980025088
1560000141013358080
1560000141046691840
1560000141080024832
1560000141113358848
1560000141146683904
1560000141180017920
1560000141213350912
1560000141246684928
1560000141280018176
1560000141313350912
1560000141346684928
1560000141380017920
1560000141413351936
1560000141446685184
1560000141480017920
1560000141513351936
1560000141546684928
1560000141580018944
1560000141613351936
1560000141646650112
1560000141679984128
1560000141713316864
1560000141746650880
1560000141779983872
1560000141813317120
1560000141846651136
1560000141879983872
1560000141913317888
1560000141946650880
1560000141979984128
1560000142013318144
1560000142046650880
1560000142079984896
1560000142113317888
1560000142146646016
1560000142179979008
1560000142213313024
1560000142246646016
1560000142279979008
1560000142313313024
1560000142346646016
1560000142379980032
1560000142413313024
1560000142446646016
1560000142479980032
1560000142513313024
1560000142546647040
1560000142579979776
1560000142613313024
1560000142646617856
1560000142679950848
1560000142713284096
1560000142746618112
1560000142779951104
1560000142813285120
1560000142846617856
1560000142879951104
1560000142913285120
1560000142946618112
1560000142979952128
1560000143013284864
1560000143046618112
1560000143079952128
1560000143113285120
1560000143146637056
1560000143179971072
1560000143213304064
1560000143246637056
1560000143279970816
1560000143313304064
1560000143346638080
1560000143379971072
1560000143413305088
1560000143446638080
1560000143479970816
1560000143513304832
1560000143546638080
1560000143579972096
1560000143613305088
1560000143646563072
1560000143679897088
1560000143713229824
1560000143746563072
1560000143779897088
1560000143813230080
1560000143846564096
1560000143879897088
1560000143913230848
1560000143946563840
1560000143979897088
1560000144013231104
1560000144046564096
1560000144079898112
1560000144113230848
1560000144146564096
1560000144179898880
1560000144213232896
1560000144246566144
1560000144279900160
1560000144313232896
1560000144346565888
1560000144379899904
1560000144413233152
1560000144446567168
1560000144479899904
1560000144513232896
1560000144546566912
1560000144579899904
1560000144613233920
1560000144646567168
1560000144679879936
1560000144713212928
1560000144746545920
1560000144779879936
1560000144813213184
1560000144846546944
1560000144879879936
1560000144913212928
1560000144946546944
1560000144979880192
1560000145013214208
1560000145046546944
1560000145079879936
1560000145113213952
1560000145146547200
1560000145179838976
1560000145213172992
1560000145246505984
1560000145279840000
1560000145313172992
1560000145346506240
1560000145379840000
1560000145413172992
1560000145446507008
1560000145479840000
1560000145513172992
1560000145546507008
1560000145579840000
1560000145613172992
1560000145646507008
1560000145679820032
1560000145713154048
1560000145746486784
1560000145779820032
1560000145813154048
1560000145846487040
1560000145879821056
1560000145913153792
1560000145946487040
1560000145979821056
1560000146013154048
1560000146046488064
1560000146079821056
1560000146113154048
1560000146146488064
1560000146179830016
1560000146213164032
1560000146246497024
1560000146279830016
1560000146313164032
1560000146346497024
1560000146379831040
1560000146413163776
1560000146446497024
1560000146479831040
1560000146513164032
1560000146546498048
1560000146579830784
1560000146613164032
1560000146646498048
1560000146679800064
1560000146713133056
1560000146746467072
1560000146779800064
1560000146813133056
1560000146846467072
1560000146879800064
1560000146913134080
1560000146946466816
1560000146979800064
1560000147013134080
1560000147046467072
1560000147079801088
1560000147113133824
1560000147146467072
1560000147179759104
1560000147213093120
1560000147246426112
1560000147279758848
1560000147313092864
1560000147346426112
1560000147379760128
1560000147413093120
1560000147446425856
1560000147479759872
1560000147513093120
1560000147546427136
1560000147579760128
1560000147613092864
1560000147646426880
1560000147679739904
1560000147713073920
1560000147746406912
1560000147779740928
1560000147813074176
1560000147846406912
1560000147879740928
1560000147913073920
1560000147946407936
1560000147979741184
1560000148013073920
1560000148046407936
1560000148079740928
1560000148113074944
1560000148146408192
1560000148179759104
1560000148213093120
1560000148246426112
1560000148279758848
1560000148313092096
1560000148346426112
1560000148379760128
1560000148413093120
1560000148446425856
1560000148479759104
1560000148513093120
1560000148546426112
1560000148579760128
1560000148613092864
1560000148646425856
1560000148679718912
1560000148713052928
1560000148746386176
1560000148779720192
1560000148813052928
1560000148846385920
1560000148879718912
1560000148913052928
1560000148946386944
1560000148979720192
1560000149013052928
1560000149046385920
1560000149079719936
1560000149113053184
1560000149146387200
1560000149179723008
1560000149213056000
1560000149246390016
1560000149279723008
1560000149313056000
1560000149346390016
1560000149379723008
1560000149413057024
1560000149446390016
1560000149479724032
1560000149513057024
1560000149546390016
1560000149579724032
1560000149613057024
1560000149646391040
1560000149679672832
1560000149713006080
1560000149746340096
1560000149779673088
1560000149813005824
1560000149846339840
1560000149879673088
1560000149913007104
1560000149946340096
1560000149979672832
1560000150013006848
1560000150046340096
1560000150079674112
1560000150113007104
1560000150146339840
1560000150179681024
1560000150213015040
1560000150246348032
1560000150279682048
1560000150313015040
1560000150346348032
1560000150379682048
1560000150413014784
1560000150446348800
1560000150479682048
1560000150513015040
1560000150546349056
1560000150579682048
1560000150613015808
1560000150646349056
1560000150679613184
1560000150712946944
1560000150746279936
1560000150779612928
1560000150812946944
1560000150846280192
1560000150879614208
1560000150912946944
1560000150946279936
1560000150979613952
1560000151012947200
1560000151046281216
1560000151079613952
1560000151112946944
1560000151146280960
1560000151179621888
1560000151212954880
1560000151246288128
1560000151279622144
1560000151312954880
1560000151346288896
1560000151379621888
1560000151412955136
1560000151446289152
1560000151479621888
1560000151512955904
1560000151546288896
1560000151579622144
1560000151612956160
1560000151646289152
1560000151679617024
1560000151712951040
1560000151746284032
1560000151779618048
1560000151812951040
1560000151846284032
1560000151879618048
1560000151912951040
1560000151946285056
1560000151979618048
1560000152012950784
1560000152046284800
1560000152079618048
1560000152112952064
1560000152146285056
1560000152179586816
1560000152212920064
1560000152246254080
1560000152279587072
1560000152312920064
1560000152346254080
1560000152379586816
1560000152412920832
1560000152446254080
1560000152479587072
1560000152512921088
1560000152546253824
1560000152579587840
1560000152612921088
1560000152646254080
1560000152679527168
1560000152712860160
1560000152746193920
1560000152779526912
1560000152812859904
1560000152846193920
1560000152879527168
1560000152912861184
