1560000083949067008
1560000083982400000
1560000084015734016
1560000084049067008
1560000084082392064
1560000084115725056
1560000084149059072
1560000084182391808
1560000084215725824
1560000084249059072
1560000084282392064
1560000084315726080
1560000084349059072
1560000084382392832
1560000084415725824
1560000084449059072
1560000084482393088
1560000084515726080
1560000084549060096
1560000084582357760
1560000084615691008
1560000084649025024
1560000084682358016
1560000084715691008
1560000084749025024
1560000084782358016
1560000084815692032
1560000084849025024
1560000084882359040
1560000084915692032
1560000084949025024
1560000084982359040
1560000085015692032
1560000085049026048
1560000085082336000
1560000085115668992
1560000085149003008
1560000085182336000
1560000085215670016
1560000085249003008
1560000085282336000
1560000085315670016
1560000085349003008
1560000085382337024
1560000085415670016
1560000085449003008
1560000085482337024
1560000085515670016
1560000085549004032
1560000085582320896
1560000085615654912
1560000085648987904
1560000085682321920
1560000085715655168
1560000085748989184
1560000085782321920
1560000085815654912
1560000085848988928
1560000085882322176
1560000085915656192
1560000085948988928
1560000085982321920
1560000086015655936
1560000086048989184
1560000086082319872
1560000086115653120
1560000086148987136
1560000086182320128
1560000086215653888
1560000086248986880
1560000086282320128
1560000086315654144
1560000086348987136
1560000086382320896
1560000086415653888
1560000086448986880
1560000086482320896
1560000086515654144
1560000086548988160
1560000086582276096
1560000086615608832
1560000086648942848
1560000086682276096
1560000086715609088
1560000086748943104
1560000086782275840
1560000086815609856
1560000086848943104
1560000086882276096
1560000086915610112
1560000086948942848
1560000086982276864
1560000087015609856
1560000087048943104
1560000087082254848
1560000087115587840
1560000087148921856
1560000087182255104
1560000087215589120
1560000087248922112
1560000087282254848
1560000087315588864
1560000087348922112
1560000087382256128
1560000087415589120
1560000087448921856
1560000087482255872
1560000087515589120
1560000087548923136
1560000087582277120
1560000087615609856
1560000087648943872
1560000087682276864
1560000087715610112
1560000087748944128
1560000087782277120
1560000087815610880
1560000087848943872
1560000087882277120
1560000087915611136
1560000087948944128
1560000087982278144
1560000088015610880
1560000088048943872
1560000088082216960
1560000088115549952
1560000088148883968
1560000088182216960
1560000088215549952
1560000088248883968
1560000088282216960
1560000088315550976
1560000088348884224
1560000088382216960
1560000088415550976
1560000088448883968
1560000088482217984
1560000088515550976
1560000088548883968
1560000088582241024
1560000088615573760
1560000088648907008
1560000088682241024
1560000088715574016
1560000088748908032
1560000088782241024
1560000088815574016
1560000088848908032
1560000088882241024
1560000088915575040
1560000088948908032
1560000088982241024
1560000089015575040
1560000089048908032
1560000089082174976
1560000089115507968
1560000089148841984
1560000089182174976
1560000089215507968
1560000089248841984
1560000089282174976
1560000089315508992
1560000089348841984
1560000089382174976
1560000089415508992
1560000089448841984
1560000089482176000
1560000089515508992
1560000089548841984
1560000089582151936
1560000089615485952
1560000089648818944
1560000089682152960
1560000089715485952
1560000089748819200
1560000089782152960
1560000089815486976
1560000089848819968
1560000089882152960
1560000089915486976
1560000089948820224
1560000089982153984
1560000090015486976
1560000090048819968
1560000090082134016
1560000090115468032
1560000090148801024
1560000090182135040
1560000090215468032
1560000090248801024
1560000090282135040
1560000090315468032
1560000090348802048
1560000090382135040
1560000090415468032
1560000090448802048
1560000090482135040
1560000090515469056
1560000090548801792
1560000090582113024
1560000090615446016
1560000090648780032
1560000090682113024
1560000090715446016
1560000090748780032
1560000090782113024
1560000090815447040
1560000090848780032
1560000090882113024
1560000090915447040
1560000090948780032
1560000090982114048
1560000091015446784
1560000091048780032
1560000091082073088
1560000091115407104
1560000091148740096
1560000091182073088
1560000091215406848
1560000091248739840
1560000091282073088
1560000091315407104
1560000091348740096
1560000091382072832
1560000091415406848
1560000091448740864
1560000091482074112
1560000091515408128
1560000091548741120
1560000091582086912
1560000091615421184
1560000091648753920
1560000091682086912
1560000091715420928
1560000091748753920
1560000091782087936
1560000091815421184
1560000091848753920
1560000091882087936
1560000091915420928
1560000091948754944
1560000091982088192
1560000092015420928
1560000092048754944
1560000092082059008
1560000092115393024
1560000092148726016
1560000092182059008
1560000092215393024
1560000092248726016
1560000092282060032
1560000092315393024
1560000092348726016
1560000092382060032
1560000092415393024
1560000092448726784
1560000092482060032
1560000092515393024
1560000092548727040
1560000092582052096
1560000092615386112
1560000092648719104
1560000092682051840
1560000092715385856
1560000092748719872
1560000092782053120
1560000092815387136
1560000092848720128
1560000092882052864
1560000092915386880
1560000092948719872
1560000092982053888
1560000093015387136
1560000093048719872
1560000093082041856
1560000093115375872
1560000093148709120
1560000093182043136
1560000093215375872
1560000093248708864
1560000093282042880
1560000093315376128
1560000093348710144
1560000093382042880
1560000093415375872
1560000093448709888
1560000093482043136
1560000093515377152
1560000093548710144
1560000093582007808
1560000093615341056
1560000093648675072
1560000093682008064
1560000093715342080
1560000093748675072
1560000093782007808
1560000093815341824
1560000093848675072
1560000093882009088
1560000093915342080
1560000093948674816
1560000093982008832
1560000094015342080
1560000094048676096
1560000094081990912
1560000094115323904
1560000094148657920
1560000094181991168
1560000094215323904
1560000094248657920
1560000094281990912
1560000094315324928
1560000094348658176
1560000094381990912
1560000094415324928
1560000094448657920
1560000094481991936
1560000094515325184
1560000094548657920
1560000094581940992
1560000094615275008
1560000094648608000
1560000094681942016
1560000094715275008
1560000094748608000
1560000094781942016
1560000094815275008
1560000094848609024
1560000094881942016
1560000094915276032
1560000094948609024
1560000094981942016
1560000095015276032
1560000095048609024
1560000095081926144
1560000095115258880
1560000095148592896
1560000095181925888
1560000095215259904
1560000095248593152
1560000095281927168
1560000095315259904
1560000095348592896
1560000095381926912
1560000095415260160
1560000095448594176
1560000095481926912
1560000095515259904
1560000095548593920
1560000095581911040
1560000095615245056
1560000095648578048
1560000095681912064
1560000095715245056
1560000095748578048
1560000095781912064
1560000095815244800
1560000095848578816
1560000095881912064
1560000095915245056
1560000095948579072
1560000095981911808
1560000096015245824
1560000096048579072
1560000096081844992
1560000096115179008
1560000096148512000
1560000096181844992
1560000096215179008
1560000096248512000
1560000096281846016
1560000096315179008
1560000096348512000
1560000096381846016
1560000096415179008
1560000096448513024
1560000096481846016
1560000096515179008
1560000096548513024
1560000096581859072
1560000096615192064
1560000096648526080
1560000096681859072
1560000096715192064
1560000096748526080
1560000096781858816
1560000096815192832
1560000096848526080
1560000096881859072
1560000096915193088
1560000096948525824
1560000096981859840
1560000097015193088
1560000097048526080
1560000097081837824
1560000097115171072
1560000097148505088
1560000097181838080
1560000097215172096
1560000097248505088
1560000097281837824
1560000097315171840
1560000097348505088
1560000097381839104
1560000097415172096
1560000097448504832
1560000097481838848
1560000097515172096
1560000097548506112
1560000097581825024
1560000097615159040
1560000097648492032
1560000097681826048
1560000097715159040
1560000097748492032
1560000097781826048
1560000097815159040
1560000097848493056
1560000097881826048
1560000097915160064
1560000097948493056
1560000097981826048
1560000098015160064
1560000098048492800
1560000098081826816
1560000098115127040
1560000098148460032
1560000098181794048
1560000098215127040
1560000098248461056
1560000098281794048
1560000098315126784
1560000098348460800
1560000098381794048
1560000098415128064
1560000098448461056
1560000098481795072
1560000098515127808
1560000098548461056
1560000098581795072
1560000098615108096
1560000098648442112
1560000098681775104
1560000098715109120
1560000098748441856
1560000098781775104
1560000098815109120
1560000098848442112
1560000098881776128
1560000098915108864
1560000098948441856
1560000098981775872
1560000099015109120
1560000099048443136
1560000099081775872
1560000099115087872
1560000099148421888
1560000099181755136
1560000099215087872
1560000099248421888
1560000099281754880
1560000099315088896
1560000099348422144
1560000099381755136
1560000099415088896
1560000099448421888
1560000099481755904
1560000099515089152
1560000099548422144
1560000099581756160
1560000099615067904
1560000099648401920
1560000099681734912
1560000099715068928
1560000099748402176
1560000099781734912
1560000099815068928
1560000099848401920
1560000099881735936
1560000099915069184
1560000099948401920
1560000099981735936
1560000100015068928
1560000100048402944
1560000100081736192
1560000100115059968
1560000100148393984
1560000100181726976
1560000100215059968
1560000100248393984
1560000100281726976
1560000100315060992
1560000100348393984
1560000100381726976
1560000100415060992
1560000100448393984
1560000100481728000
1560000100515060992
1560000100548393984
1560000100581728000
1560000100615011840
1560000100648345088
1560000100681679104
1560000100715012096
1560000100748344832
1560000100781678848
1560000100815012096
1560000100848346112
1560000100881679104
1560000100915011840
1560000100948345856
1560000100981678848
1560000101015012864
1560000101048346112
1560000101081679104
1560000101114998016
1560000101148331008
1560000101181664000
1560000101214998016
1560000101248331008
1560000101281665024
1560000101314998016
1560000101348331008
1560000101381665024
1560000101414998016
1560000101448332032
1560000101481665024
1560000101514998016
1560000101548332032
1560000101581665024
1560000101614983168
1560000101648315904
1560000101681649920
1560000101714982912
1560000101748316928
1560000101781650176
1560000101814982912
1560000101848316928
1560000101881649920
1560000101914983936
1560000101948316928
1560000101981650176
1560000102014983936
1560000102048316928
1560000102081650944
1560000102114978048
1560000102148310784
1560000102181644032
1560000102214978048
1560000102248311040
1560000102281645056
1560000102314977792
1560000102348311040
1560000102381645056
1560000102414978048
1560000102448312064
1560000102481645056
1560000102514978048
1560000102548312064
1560000102581645056
1560000102614945792
1560000102648279040
1560000102681613056
1560000102714946048
1560000102748280064
1560000102781613056
1560000102814946816
1560000102848280064
1560000102881613056
1560000102914947072
1560000102948280064
1560000102981614080
1560000103014946816
1560000103048280064
1560000103081614080
1560000103114940928
1560000103148273920
1560000103181607936
1560000103214940928
1560000103248274176
1560000103281608192
1560000103314940928
1560000103348274944
1560000103381607936
1560000103414941184
1560000103448275200
1560000103481607936
1560000103514941952
1560000103548274944
1560000103581607936
1560000103614900992
1560000103648233984
1560000103681568000
1560000103714900992
1560000103748235008
1560000103781568000
1560000103814902016
1560000103848235008
1560000103881568000
1560000103914902016
1560000103948235008
1560000103981569024
1560000104014902016
1560000104048235008
1560000104081569024
1560000104114910976
1560000104148243968
1560000104181576960
1560000104214910976
1560000104248243968
1560000104281577984
1560000104314910976
1560000104348243968
1560000104381577984
1560000104414910976
1560000104448244992
1560000104481577984
1560000104514910976
1560000104548244992
1560000104581577984
1560000104614861056
1560000104648194048
1560000104681526784
1560000104714860800
1560000104748194048
1560000104781528064
1560000104814861056
1560000104848193792
1560000104881527808
1560000104914861056
1560000104948195072
1560000104981528064
1560000105014861056
1560000105048194816
1560000105081528064
1560000105114887936
1560000105148220928
1560000105181554944
1560000105214888192
1560000105248220928
1560000105281554944
1560000105314887936
1560000105348221952
1560000105381555200
1560000105414887936
1560000105448221952
1560000105481554944
1560000105514888960
1560000105548221952
1560000105581554944
1560000105614841088
1560000105648175104
1560000105681508096
1560000105714840832
1560000105748174848
1560000105781508096
1560000105814841088
1560000105848175104
1560000105881508096
1560000105914841856
1560000105948174848
1560000105981508096
1560000106014842112
1560000106048175104
1560000106081509120
1560000106114797056
1560000106148130048
1560000106181464064
1560000106214797056
1560000106248131072
1560000106281464064
1560000106314796800
1560000106348130816
1560000106381464064
1560000106414798080
1560000106448131072
1560000106481463808
1560000106514797824
1560000106548131072
1560000106581465088
1560000106614806784
1560000106648140032
1560000106681474048
1560000106714807040
1560000106748140032
1560000106781474048
1560000106814807040
1560000106848141056
1560000106881474048
1560000106914807040
1560000106948141056
1560000106981474048
1560000107014808064
1560000107048141056
1560000107081474048
1560000107114757888
1560000107148091904
1560000107181426176
1560000107214759168
1560000107248091904
1560000107281425920
1560000107314758912
1560000107348092928
1560000107381426176
1560000107414760192
1560000107448092928
1560000107481425920
1560000107514759936
1560000107548093184
1560000107581427200
1560000107614742016
1560000107648076032
1560000107681408768
1560000107714742016
1560000107748076032
1560000107781409024
1560000107814743040
1560000107848076032
1560000107881409024
1560000107914743040
1560000107948076032
1560000107981410048
1560000108014743040
1560000108048077056
1560000108081410048
1560000108114723072
1560000108148056064
1560000108181390080
1560000108214723072
1560000108248055808
1560000108281389824
1560000108314723072
1560000108348057088
1560000108381390080
1560000108414722816
1560000108448056832
1560000108481390080
1560000108514723072
1560000108548057088
1560000108581389824
1560000108614692096
1560000108648025088
1560000108681358080
1560000108714692096
1560000108748024832
1560000108781358848
1560000108814692096
1560000108848025088
1560000108881359104
1560000108914691840
1560000108948025856
1560000108981359104
1560000109014692096
1560000109048026112
1560000109081358848
1560000109114722048
1560000109148055040
1560000109181387776
1560000109214721024
1560000109248055040
1560000109281388032
1560000109314722048
1560000109348054784
1560000109381388032
1560000109414722048
1560000109448055040
1560000109481389056
1560000109514722048
1560000109548055808
1560000109581389056
1560000109614727936
1560000109648060928
1560000109681394944
1560000109714728192
1560000109748060928
1560000109781394944
1560000109814727936
1560000109848061952
1560000109881395200
1560000109914727936
1560000109948061952
1560000109981394944
1560000110014728960
1560000110048062208
1560000110081394944
1560000110114657024
1560000110147990016
1560000110181324032
1560000110214657024
1560000110247990016
1560000110281324032
1560000110314657024
1560000110347991040
1560000110381324032
1560000110414657024
1560000110447990784
1560000110481324032
1560000110514658048
1560000110547991040
1560000110581325056
1560000110614608896
1560000110647942912
1560000110681276160
1560000110714610176
1560000110747942912
1560000110781275904
1560000110814609920
1560000110847943168
1560000110881277184
1560000110914609920
