1560051886004167936
1560051886037512960
1560051886070893056
1560051886104238080
1560051886137559040
1560051886170903808
1560051886204283904
1560051886237612032
1560051886270934016
1560051886304279040
1560051886337601024
1560051886370946048
1560051886404325888
1560051886437670912
1560051886470993152
1560051886504337920
1560051886537659904
1560051886571005184
1560051886604325888
1560051886637659904
1560051886670993152
1560051886704327168
1560051886737659904
1560051886771068160
1560051886804402176
1560051886837734912
1560051886871067904
1560051886904401920
1560051886937735168
1560051886971069184
1560051887004401920
1560051887037734912
1560051887071068928
1560051887104402176
1560051887137736192
1560051887171068928
1560051887204401920
1560051887237735936
1560051887270902016
1560051887304236032
1560051887337569024
1560051887370902016
1560051887404236032
1560051887437569024
1560051887470903040
1560051887504236032
1560051887537569024
1560051887570903040
1560051887604235776
1560051887637569792
1560051887670903040
1560051887704236032
1560051887737570048
1560051887770930944
1560051887804264192
1560051887837598208
1560051887870930944
1560051887904263936
1560051887937597952
1560051887970930944
1560051888004264960
1560051888037597952
1560051888070930944
1560051888104264960
1560051888137597952
1560051888170931968
1560051888204265216
1560051888237597952
1560051888270924032
1560051888304258048
1560051888337591040
1560051888370924032
1560051888404258048
1560051888437591040
1560051888470925056
1560051888504257792
1560051888537591040
1560051888570925056
1560051888604258048
1560051888637592064
1560051888670924800
1560051888704258048
1560051888737592064
1560051888770916096
1560051888804249088
1560051888837582080
1560051888870915840
1560051888904248832
1560051888937582080
1560051888970916096
1560051889004249088
1560051889037583104
1560051889070915840
1560051889104249088
1560051889137583104
1560051889170916096
1560051889204250112
1560051889237582848
1560051889270874880
1560051889304208896
1560051889337542144
1560051889370874880
1560051889404208896
1560051889437541888
1560051889470875904
1560051889504209152
1560051889537542144
1560051889570875904
1560051889604208896
1560051889637541888
1560051889670875904
1560051889704209152
1560051889737543168
1560051889770867200
1560051889804199936
1560051889837533952
1560051889870866944
1560051889904200960
1560051889937534208
1560051889970866944
1560051890004200960
1560051890037533952
1560051890070867968
1560051890104200960
1560051890137533952
1560051890170867968
1560051890204200960
1560051890237534976
1560051890270849024
1560051890304182016
1560051890337469184
1560051890370790912
1560051890404135936
1560051890437411072
1560051890470732800
1560051890504019968
1560051890537341952
1560051890570628864
1560051890603951104
1560051890637238016
1560051890670547968
1560051890703846912
1560051890737157120
1560051890770457856
1560051890803767808
1560051890837067008
1560051890870364928
1560051890903675136
1560051890936974080
1560051890970215168
1560051891003501056
1560051891036753920
1560051891070040832
1560051891103292928
1560051891136569088
1560051891169820928
1560051891203095808
1560051891236360192
1560051891269596928
1560051891302849024
1560051891336112896
1560051891369377024
1560051891402628864
1560051891435892992
1560051891469145088
1560051891502327808
1560051891535567872
1560051891568832000
1560051891602083840
1560051891635335936
1560051891668577024
1560051891701911040
1560051891735173888
1560051891768451072
1560051891801726976
1560051891835036928
1560051891868393984
1560051891901704192
1560051891935048960
1560051891968370944
1560051892001715968
1560051892035119104
1560051892068475136
1560051892101865984
1560051892135222784
1560051892168615168
1560051892201970944
1560051892235351040
1560051892268670976
1560051892302051072
1560051892335418880
1560051892368798976
1560051892402167040
1560051892435547136
1560051892468914944
1560051892502213888
1560051892535569920
1560051892568962048
1560051892602318080
1560051892635629056
1560051892668984832
1560051892702364928
1560051892735732992
1560051892768999168
1560051892802344192
1560051892835665920
1560051892869010944
1560051892902332928
1560051892935677952
1560051892968998912
1560051893002343936
1560051893035665920
1560051893069010944
1560051893102333184
1560051893135677952
1560051893168999936
1560051893202344960
1560051893235666944
1560051893269054976
1560051893302447104
1560051893335732992
1560051893369102080
1560051893402400000
1560051893435769088
1560051893469079040
1560051893502424064
1560051893535746048
1560051893569091072
1560051893602343168
1560051893635675904
1560051893668940032
1560051893702262016
1560051893735537152
1560051893768780032
1560051893802056192
1560051893835365888
1560051893868571904
1560051893901859072
1560051893935076096
1560051893968352000
1560051894001581056
1560051894034845184
1560051894068073984
1560051894101326080
1560051894134566144
1560051894167819008
1560051894201139968
1560051894234311936
1560051894267585024
1560051894300860928
1560051894334065920
1560051894367330048
1560051894400628992
1560051894433903872
1560051894467109888
1560051894500374016
1560051894533672192
1560051894566936064
1560051894600142080
1560051894633393920
1560051894666703872
1560051894699968000
1560051894733163008
1560051894766483968
1560051894799782912
1560051894832107008
1560051894865440000
1560051894898772992
1560051894932107008
1560051894965440000
1560051894998774016
1560051895032107008
1560051895065440000
1560051895098774016
1560051895132107008
1560051895165441024
1560051895198774016
1560051895232107008
1560051895265392896
1560051895298726912
1560051895332060160
1560051895365394176
1560051895398726912
1560051895432059904
1560051895465393920
1560051895498727936
1560051895532061184
1560051895565393920
1560051895598726912
1560051895632060928
1560051895665394944
1560051895698728192
1560051895732060928
1560051895765345024
1560051895798679040
1560051895832012032
1560051895865345024
1560051895898679040
1560051895932012032
1560051895965346048
1560051895998679040
1560051896032012032
1560051896065346048
1560051896098679040
1560051896132013056
1560051896165345792
1560051896198679040
1560051896232013056
1560051896265336064
1560051896298669056
1560051896332002048
1560051896365336064
1560051896398669056
1560051896432003072
1560051896465336064
1560051896498670080
1560051896532002816
1560051896565336064
1560051896598670080
1560051896632003072
1560051896665337088
1560051896698669824
1560051896732003072
1560051896765337856
1560051896798671872
1560051896832005120
1560051896865338112
1560051896898672128
1560051896932004864
1560051896965338880
1560051896998672128
1560051897032005120
1560051897065339136
1560051897098671872
1560051897132005888
1560051897165338880
1560051897198672128
1560051897232006144
1560051897265254144
1560051897298587136
1560051897331921152
1560051897365253888
1560051897398586880
1560051897431920896
1560051897465254144
1560051897498588160
1560051897531920896
1560051897565253888
1560051897598587904
1560051897631921152
1560051897665255168
1560051897698587904
1560051897731920896
1560051897765302784
1560051897798636032
1560051897831970048
1560051897865303040
1560051897898637056
1560051897931969792
1560051897965303040
1560051897998637056
1560051898031970048
1560051898065304064
1560051898098637056
1560051898131970048
1560051898165304064
1560051898198637056
1560051898231971072
1560051898265223936
1560051898298556928
1560051898331890944
1560051898365223936
1560051898398556928
1560051898431890944
1560051898465223936
1560051898498557952
1560051898531891200
1560051898565223936
1560051898598557952
1560051898631890944
1560051898665224960
1560051898698558208
1560051898731890944
1560051898765198080
1560051898798531072
1560051898831864064
1560051898865197824
1560051898898531072
1560051898931865088
1560051898965198080
1560051898998531072
1560051899031864832
1560051899065197824
1560051899098531072
1560051899131865088
1560051899165198080
1560051899198532096
1560051899231864832
1560051899265192960
1560051899298525952
1560051899331859968
1560051899365192960
1560051899398525952
1560051899431859968
1560051899465192960
1560051899498526976
1560051899531860224
1560051899565192960
1560051899598526976
1560051899631859968
1560051899665193984
1560051899698526976
1560051899731860992
1560051899765140992
1560051899798473984
1560051899831806976
1560051899865140992
1560051899898473984
1560051899931808000
1560051899965140992
1560051899998475008
1560051900031808000
1560051900065140992
1560051900098475008
1560051900131808000
1560051900165142016
1560051900198475008
1560051900231808000
1560051900265218048
1560051900298551040
1560051900331885056
1560051900365218048
1560051900398551040
1560051900431885056
1560051900465218048
1560051900498552064
1560051900531884800
1560051900565218048
1560051900598552064
1560051900631885056
1560051900665219072
1560051900698551808
1560051900731885056
1560051900765191936
1560051900798525952
1560051900831859200
1560051900865191936
1560051900898525952
1560051900931858944
1560051900965192960
1560051900998526208
1560051901031858944
1560051901065192960
1560051901098525952
1560051901131859968
1560051901165192960
1560051901198525952
1560051901231859968
1560051901265132032
1560051901298465024
1560051901331799040
1560051901365132032
1560051901398465024
1560051901431799040
1560051901465132032
1560051901498466048
1560051901531799040
1560051901565131776
1560051901598465792
1560051901631799040
1560051901665133056
1560051901698466048
1560051901731798784
1560051901765152000
1560051901798486016
1560051901831819008
1560051901865153024
1560051901898486016
1560051901931819008
1560051901965153024
1560051901998486016
1560051902031820032
1560051902065152768
1560051902098486016
1560051902131819008
1560051902165153024
1560051902198487040
1560051902231820032
1560051902265074944
1560051902298408960
1560051902331742976
1560051902365075968
1560051902398408960
1560051902431741952
1560051902465075968
1560051902498409984
1560051902531742976
1560051902565076224
1560051902598408960
1560051902631742976
1560051902665075968
1560051902698409984
1560051902731742976
1560051902765054976
1560051902798387968
1560051902831721984
1560051902865054976
1560051902898388992
1560051902931721984
1560051902965054976
1560051902998388992
1560051903031721984
1560051903065056000
1560051903098388992
1560051903131721984
1560051903165056000
1560051903198388992
1560051903231723008
1560051903265139200
1560051903298471936
1560051903331805952
1560051903365138944
1560051903398472960
1560051903431806208
1560051903465138944
1560051903498472960
1560051903531805952
1560051903565139968
1560051903598472960
1560051903631805952
1560051903665139968
1560051903698472960
1560051903731806976
1560051903765101824
1560051903798435072
1560051903831769088
1560051903865102080
1560051903898436096
1560051903931768832
1560051903965102080
1560051903998436096
1560051904031769088
1560051904065103104
1560051904098436096
1560051904131768832
1560051904165102848
1560051904198436096
1560051904231770112
1560051904265012992
1560051904298345984
1560051904331679232
1560051904365012992
1560051904398345984
1560051904431678976
1560051904465012992
1560051904498345984
1560051904531680000
1560051904565012992
1560051904598345984
1560051904631680000
1560051904665012992
1560051904698347008
1560051904731680000
1560051904765110016
1560051904798444032
1560051904831778048
1560051904865111040
1560051904898444032
1560051904931777024
1560051904965111040
1560051904998444032
1560051905031778048
1560051905065111040
1560051905098444032
1560051905131778048
1560051905165111040
1560051905198445056
1560051905231777792
1560051905265111808
1560051905297982976
1560051905331316992
1560051905364649984
1560051905397982976
1560051905431316992
1560051905464649984
1560051905497984000
1560051905531316992
1560051905564649984
1560051905597984000
1560051905631316992
1560051905664651008
1560051905697984000
1560051905731316992
1560051905764651008
1560051905798230016
1560051905831563008
1560051905864897024
1560051905898230016
1560051905931564032
1560051905964897024
1560051905998230016
1560051906031564032
1560051906064897024
1560051906098231040
1560051906131563776
1560051906164897024
1560051906198231040
1560051906231564032
1560051906264897024
1560051906298285056
1560051906331618048
1560051906364952064
1560051906398284800
1560051906431618048
1560051906464952064
1560051906498285056
1560051906531619072
1560051906564951808
1560051906598285056
1560051906631619072
1560051906664952064
1560051906698286080
1560051906731618816
1560051906764952064
1560051906798260992
1560051906831593984
1560051906864928000
1560051906898260992
1560051906931593984
1560051906964928000
1560051906998260992
1560051907031595008
1560051907064928000
1560051907098260992
1560051907131595008
1560051907164928000
1560051907198262016
1560051907231595008
1560051907264929024
1560051907298252032
1560051907331585024
1560051907364918016
1560051907398252032
1560051907431585024
1560051907464919040
1560051907498252032
1560051907531585024
1560051907564919040
1560051907598252032
1560051907631586048
1560051907664918784
1560051907698252032
1560051907731586048
1560051907764919040
1560051907798173952
1560051907831507968
1560051907864840960
1560051907898173952
1560051907931507968
1560051907964840960
1560051907998174976
1560051908031507968
1560051908064840960
1560051908098174976
1560051908131508224
1560051908164841984
1560051908198174976
1560051908231507968
1560051908264841984
1560051908298154240
1560051908331488000
1560051908364820992
1560051908398153984
1560051908431488000
1560051908464820992
1560051908498155008
1560051908531488000
1560051908564820992
1560051908598155008
1560051908631488000
1560051908664822016
1560051908698155008
1560051908731488000
1560051908764822016
1560051908798185216
1560051908831517952
1560051908864850944
1560051908898184960
1560051908932549888
1560051908966162944
1560051908999878912
1560051909033339904
1560051909066834944
1560051909100296960
1560051909133688064
1560051909167056128
1560051909200366080
1560051909233711104
1560051909267033088
1560051909300247040
1560051909333545984
1560051909366903040
1560051909400225024
1560051909433569024
1560051909466891008
1560051909500143104
1560051909533545984
1560051909566822144
1560051909600201984
1560051909633580800
1560051909666960896
1560051909700340992
1560051909733721088
1560051909767100928
1560051909800455936
1560051909833836032
1560051909867284992
1560051909900687872
1560051909934125824
1560051909967528960
1560051910000955136
1560051910034359040
1560051910067853824
1560051910101280000
1560051910134753024
1560051910168190976
1560051910201651968
1560051910235078144
1560051910268538880
1560051910301927168
1560051910335376896
1560051910368814080
1560051910402252032
1560051910435677952
1560051910469115904
1560051910502542080
1560051910535922176
1560051910569336832
1560051910602715904
1560051910636120064
1560051910669556992
1560051910702925056
1560051910736339968
1560051910769708032
1560051910803080192
1560051910836460032
1560051910869862912
1560051910903243008
1560051910936634112
1560051910970014208
1560051911003358976
1560051911036739072
1560051911070082816
1560051911103451904
1560051911136854784
1560051911170188032
1560051911203567872
1560051911236912896
1560051911270280960
1560051911303685888
1560051911337053952
1560051911370411008
1560051911403779072
1560051911437124096
1560051911470491904
1560051911503848960
1560051911537204992
1560051911570561792
1560051911603919104
1560051911637274880
1560051911670643200
1560051911704000000
1560051911737309952
1560051911770654976
1560051911803998976
1560051911837355008
1560051911870665984
1560051911904011008
1560051911937344000
1560051911970676992
1560051912004011008
1560051912037344000
1560051912070724096
1560051912104069120
1560051912137391104
1560051912170723840
1560051912204057088
1560051912237391104
1560051912270724096
1560051912303983872
1560051912337317888
1560051912370650880
1560051912403984128
1560051912437318144
1560051912470650880
1560051912503984896
1560051912537317888
1560051912570651136
1560051912603985152
1560051912637317888
1560051912670651904
1560051912703984896
1560051912737318144
1560051912770652160
1560051912803962880
1560051912837296128
1560051912870630144
1560051912903963136
1560051912937342976
1560051912970688000
1560051913004009984
1560051913037342976
1560051913070676992
1560051913104009984
1560051913137342976
1560051913170676992
1560051913204057088
1560051913237401856
1560051913270723072
1560051913304025856
1560051913337358848
1560051913370692864
1560051913404026112
1560051913437359104
1560051913470693120
1560051913504072960
1560051913537405952
1560051913570739968
1560051913604072960
1560051913637406208
1560051913670739968
1560051913704072960
1560051913737453056
1560051913770786048
1560051913804164864
1560051913837497856
1560051913870831104
1560051913904165120
1560051913937498112
1560051913970877952
1560051914004211968
1560051914037544960
1560051914070878976
1560051914104211968
1560051914137545216
1560051914170878976
1560051914204247040
1560051914237592064
1560051914270960128
1560051914304241920
1560051914337598208
1560051914370955008
1560051914404311040
1560051914437668096
1560051914471024896
1560051914504334848
1560051914537679872
1560051914571047936
1560051914604392960
1560051914637750016
1560051914671106048
1560051914704463104
1560051914737773056
1560051914771117824
1560051914804430848
1560051914837788160
1560051914871144960
1560051914904454912
1560051914937810944
1560051914971168000
