1560000083949196032
1560000083982557184
1560000084015918080
1560000084049278976
1560000084082640896
1560000084116003072
1560000084149363968
1560000084182724864
1560000084216086016
1560000084249447936
1560000084282809088
1560000084316171008
1560000084349350912
1560000084382711808
1560000084416073984
1560000084449434880
1560000084482796032
1560000084516156928
1560000084549518080
1560000084582880000
1560000084616240896
1560000084649602048
1560000084682962944
1560000084716325120
1560000084749686016
1560000084783046912
1560000084816407808
1560000084849769216
1560000084883130112
1560000084916492032
1560000084949852928
1560000084983213824
1560000085016574976
1560000085049936128
1560000085083297024
1560000085116658944
1560000085150019840
1560000085183380992
1560000085216742912
1560000085250103040
1560000085283464960
1560000085316826112
1560000085350014976
1560000085383375872
1560000085416738048
1560000085450098944
1560000085483459840
1560000085516820992
1560000085550182144
1560000085583543040
1560000085616903936
1560000085650265088
1560000085683625984
1560000085716988160
1560000085750349056
1560000085783709952
1560000085817070848
1560000085850432000
1560000085883793152
1560000085917154048
1560000085950514944
1560000085983876096
1560000086017236992
1560000086050597888
1560000086083960064
1560000086117320960
1560000086150681856
1560000086184043008
1560000086217403904
1560000086250765056
1560000086284125952
1560000086317487104
1560000086350848000
1560000086384208896
1560000086423068160
1560000086456446976
1560000086489826048
1560000086523205120
1560000086556582912
1560000086589961984
1560000086623341056
1560000086656719872
1560000086690098944
1560000086723478016
1560000086756856832
1560000086790235904
1560000086823614976
1560000086856993792
1560000086890372864
1560000086923752192
1560000086957131008
1560000086990510080
1560000087023888128
1560000087057266944
1560000087090646016
1560000087124025088
1560000087157403904
1560000087190782976
1560000087224162048
1560000087257540864
1560000087290919936
1560000087324299008
1560000087357677824
1560000087391056896
1560000087423181056
1560000087456558080
1560000087489934080
1560000087523310848
1560000087556687104
1560000087590064128
1560000087623440128
1560000087656816128
1560000087690192896
1560000087723568896
1560000087756946176
1560000087790322176
1560000087823698944
1560000087857074944
1560000087890450944
1560000087923827968
1560000087957204224
1560000087990580992
1560000088023956992
1560000088057332992
1560000088090710016
1560000088124086016
1560000088157463040
1560000088190839040
1560000088224216064
1560000088257592064
1560000088290968064
1560000088324345088
1560000088357721088
1560000088391098112
1560000088423294976
1560000088456667904
1560000088490041856
1560000088523416064
1560000088556790016
1560000088590163968
1560000088623537920
1560000088656912128
1560000088690285824
1560000088723660032
1560000088757033216
1560000088790406912
1560000088823781120
1560000088857155072
1560000088890529024
1560000088923902976
1560000088957277184
1560000088990650880
1560000089024024064
1560000089057398016
1560000089090771968
1560000089124145920
1560000089157520128
1560000089190893824
1560000089224267008
1560000089257641984
1560000089291014912
1560000089324388864
1560000089357763072
1560000089391136768
1560000089424510976
1560000089462477824
1560000089495867904
1560000089529257984
1560000089562647040
1560000089596035840
1560000089629425920
1560000089662814976
1560000089696204800
1560000089729594112
1560000089762983936
1560000089796372992
1560000089829762816
1560000089863152128
1560000089896541952
1560000089929931008
1560000089963321088
1560000089996710144
1560000090030100224
1560000090063489024
1560000090096879104
1560000090130268160
1560000090163657984
1560000090197047040
1560000090230437120
1560000090263825920
1560000090297214976
1560000090330605056
1560000090363993856
1560000090397383936
1560000090430772992
1560000090462033152
1560000090495418112
1560000090528801792
1560000090562187008
1560000090595570944
1560000090628956160
1560000090662339840
1560000090695725056
1560000090729108992
1560000090762494208
1560000090795877888
1560000090829262848
1560000090862648064
1560000090896032000
1560000090929415936
1560000090962800896
1560000090996186112
1560000091029570048
1560000091062955008
1560000091096338944
1560000091129723904
1560000091163108096
1560000091196492800
1560000091229876992
1560000091263261952
1560000091296646144
1560000091330030848
1560000091363415040
1560000091396800000
1560000091430183936
1560000091458611968
1560000091491972096
1560000091525331968
1560000091558692096
1560000091592051968
1560000091625412096
1560000091658771968
1560000091692131072
1560000091725490944
1560000091758851072
1560000091792210944
1560000091825571072
1560000091858930944
1560000091892291072
1560000091925651200
1560000091959011072
1560000091992369920
1560000092025729792
1560000092059089920
1560000092092449792
1560000092125809920
1560000092159169792
1560000092192529920
1560000092225890048
1560000092259248896
1560000092292609024
1560000092325968896
1560000092359329024
1560000092392688896
1560000092426049024
1560000092457651968
1560000092491003904
1560000092524357120
1560000092557709056
1560000092591062016
1560000092624414976
1560000092657767168
1560000092691119872
1560000092724473088
1560000092757825024
1560000092791177984
1560000092824529920
1560000092857882112
1560000092891235072
1560000092924588032
1560000092957940224
1560000092991292928
1560000093024646144
1560000093057997824
1560000093091351040
1560000093124702976
1560000093158055936
1560000093191407872
1560000093224761088
1560000093258113024
1560000093291465984
1560000093324817920
1560000093358170880
1560000093391524096
1560000093424876032
1560000093459831040
1560000093493197056
1560000093526562816
1560000093559928832
1560000093593295104
1560000093626661120
1560000093660027136
1560000093693392896
1560000093726758912
1560000093760124928
1560000093793490944
1560000093826857216
1560000093860222976
1560000093893588992
1560000093926955008
1560000093960321024
1560000093993687040
1560000094027053056
1560000094060419072
1560000094093785088
1560000094127151872
1560000094160517888
1560000094193883904
1560000094227250176
1560000094260616192
1560000094293981952
1560000094327347968
1560000094360713984
1560000094394080000
1560000094427446016
1560000094459457024
1560000094492818176
1560000094526180096
1560000094559540992
1560000094592901888
1560000094626264064
1560000094659624960
1560000094692986112
1560000094726348032
1560000094759708928
1560000094793071104
1560000094826432000
1560000094859792896
1560000094893155072
1560000094926515968
1560000094959877120
1560000094993239040
1560000095026599936
1560000095059961088
1560000095093323008
1560000095126683904
1560000095160046080
1560000095193406976
1560000095226768128
1560000095260130048
1560000095293490944
1560000095326853120
1560000095360214016
1560000095393574912
1560000095426937088
1560000095459059968
1560000095492417024
1560000095525773056
1560000095559129856
1560000095592485888
1560000095625842944
1560000095659198976
1560000095692556032
1560000095725912064
1560000095759269120
1560000095792624896
1560000095825982208
1560000095859337984
1560000095892695040
1560000095926050816
1560000095959408128
1560000095992763904
1560000096026120960
1560000096059476992
1560000096092834048
1560000096126189824
1560000096159547136
1560000096192903168
1560000096226259968
1560000096259616000
1560000096292973056
1560000096326329088
1560000096359685888
1560000096393042944
1560000096426398976
1560000096459755008
1560000096493112064
1560000096531072000
1560000096564441856
1560000096597811968
1560000096631182080
1560000096664551936
1560000096697922048
1560000096731291904
1560000096764660992
1560000096798031104
1560000096831401216
1560000096864770816
1560000096898140928
1560000096931510016
1560000096964879872
1560000096998249984
1560000097031620096
1560000097064989952
1560000097098360064
1560000097131730176
1560000097165100032
1560000097198468864
1560000097231838976
1560000097265208832
1560000097298578944
1560000097331949056
1560000097365318912
1560000097398689024
1560000097432058112
1560000097465428224
1560000097498797824
1560000097532167936
1560000097561636096
1560000097594993152
1560000097628349952
1560000097661705984
1560000097695063040
1560000097728420096
1560000097761776896
1560000097795133952
1560000097828489984
1560000097861847040
1560000097895204096
1560000097928560128
1560000097961916928
1560000097995273984
1560000098028630016
1560000098061986816
1560000098095344128
1560000098128699904
1560000098162056960
1560000098195414016
1560000098228770048
1560000098262126848
1560000098295484160
1560000098328839936
1560000098362196992
1560000098395554048
1560000098428910848
1560000098462266880
1560000098495624192
1560000098528980992
1560000098560854784
1560000098594204928
1560000098627556096
1560000098660905984
1560000098694256128
1560000098727606016
1560000098760956160
1560000098794307072
1560000098827656960
1560000098861006848
1560000098894356992
1560000098927706880
1560000098961057792
1560000098994407936
1560000099027757824
1560000099061108224
1560000099094459136
1560000099127809024
1560000099161158912
1560000099194509056
1560000099227858944
1560000099261209088
1560000099294560000
1560000099327909888
1560000099361260032
1560000099394609920
1560000099427961088
1560000099461310976
1560000099494661120
1560000099528011008
1560000099560077056
1560000099593421056
1560000099626764032
1560000099660108032
1560000099693451776
1560000099726795008
1560000099760139008
1560000099793483008
1560000099826825984
1560000099860169984
1560000099893513984
1560000099926857984
1560000099960200960
1560000099993544960
1560000100026888960
1560000100060231936
1560000100093575936
1560000100126919936
1560000100160263936
1560000100193607168
1560000100226950912
1560000100260294912
1560000100293637888
1560000100326982144
1560000100360326144
1560000100393668864
1560000100427012864
1560000100460356864
1560000100493700864
1560000100527045120
1560000100559305984
1560000100592643072
1560000100625979904
1560000100659316992
1560000100692655104
1560000100725991936
1560000100759329024
1560000100792665856
1560000100826003200
1560000100859340800
1560000100892678144
1560000100926014976
1560000100959352064
1560000100992690176
1560000101026027008
1560000101059364096
1560000101092700928
1560000101126039040
1560000101159375872
1560000101192712960
1560000101226049792
1560000101259387136
1560000101292724992
1560000101326062080
1560000101359399168
1560000101392736000
1560000101426074112
1560000101459410944
1560000101492748032
1560000101526084864
1560000101558530048
1560000101591860992
1560000101625191936
1560000101658521856
1560000101691853056
1560000101725184000
1560000101758513920
1560000101791845120
1560000101825176064
1560000101858507008
1560000101891836928
1560000101925168128
1560000101958498048
1560000101991828992
1560000102025160192
1560000102058490880
1560000102091821056
1560000102125152000
1560000102158482944
1560000102191813120
1560000102225143808
1560000102258475008
1560000102291805952
1560000102325135872
1560000102358467072
1560000102391798016
1560000102425127936
1560000102458458880
1560000102491790080
1560000102525120000
1560000102560880896
1560000102594224896
1560000102627569920
1560000102660914944
1560000102694259968
1560000102727604992
1560000102760950016
1560000102794294016
1560000102827639040
1560000102860984064
1560000102894329088
1560000102927674112
1560000102961019136
1560000102994363904
1560000103027708928
1560000103061052928
1560000103094397952
1560000103127742976
1560000103161088000
1560000103194433024
1560000103227777024
1560000103261122048
1560000103294467072
1560000103327811840
1560000103361156864
1560000103394501888
1560000103427845888
1560000103461190912
1560000103494535936
1560000103527880960
1560000103560657152
1560000103593998080
1560000103627339008
1560000103660679168
1560000103694020096
1560000103727361024
1560000103760701952
1560000103794043136
1560000103827383040
1560000103860723968
1560000103894064896
1560000103927405056
1560000103960745984
1560000103994086912
1560000104027427840
1560000104060768000
1560000104094109184
1560000104127450112
1560000104160790016
1560000104194130944
1560000104227472128
1560000104260813056
1560000104294152960
1560000104327493888
1560000104360835072
1560000104394176000
1560000104427516928
1560000104460856832
1560000104494198016
1560000104527538944
1560000104560438016
1560000104593775104
1560000104627111936
1560000104660449024
1560000104693784832
1560000104727122176
1560000104760457984
1560000104793795072
1560000104827131904
1560000104860467968
1560000104893805056
1560000104927141888
1560000104960478976
1560000104993815040
1560000105027152128
1560000105060487936
1560000105093825024
1560000105127161856
1560000105160497920
1560000105193835008
1560000105227171840
1560000105260508160
1560000105293844992
1560000105327182080
1560000105360517888
1560000105393854976
1560000105427192064
1560000105460527872
1560000105493864960
1560000105527201792
1560000105563335936
1560000105596688896
1560000105630042112
1560000105663394816
1560000105696749056
1560000105730102016
1560000105763456000
1560000105796808960
1560000105830162176
1560000105863514880
1560000105896868864
1560000105930222080
1560000105963574784
1560000105996928000
1560000106030281984
1560000106063635200
1560000106096987904
1560000106130341888
1560000106163695104
1560000106197048064
1560000106230402048
1560000106263755008
1560000106297107968
1560000106330461952
1560000106363815168
1560000106397167872
1560000106430521088
1560000106463875072
1560000106497228032
1560000106530580992
1560000106563659008
1560000106597011200
1560000106630362112
1560000106663714048
1560000106697065984
1560000106730416896
1560000106763768832
1560000106797121024
1560000106830471936
1560000106863823872
1560000106897176064
1560000106930526976
1560000106963879168
1560000106997230080
1560000107030582016
1560000107063934208
1560000107097285120
1560000107130637056
1560000107163988992
1560000107197339904
1560000107230691840
1560000107264044032
1560000107297394944
1560000107330746880
1560000107364098048
1560000107397449984
1560000107430802176
1560000107464153088
1560000107497505024
1560000107530855936
1560000107563988992
1560000107597338880
1560000107630689024
1560000107664038912
1560000107697388800
1560000107730739200
1560000107764089088
1560000107797438976
1560000107830789120
1560000107864139008
1560000107897489152
1560000107930839040
1560000107964188928
1560000107997539072
1560000108030888960
1560000108064239104
1560000108097588992
1560000108130938880
1560000108164289024
1560000108197638912
1560000108230989056
1560000108264338944
1560000108297689088
1560000108331038976
1560000108364388864
1560000108397739008
1560000108431088896
1560000108464439040
1560000108497788928
1560000108531138816
1560000108564316928
1560000108597665024
1560000108631012864
1560000108664360960
1560000108697710080
1560000108731057920
1560000108764406016
1560000108797754880
1560000108831102976
1560000108864450816
1560000108897799936
1560000108931148032
1560000108964495872
1560000108997844992
1560000109031193088
1560000109064541952
1560000109097889792
1560000109131237888
1560000109164587008
1560000109197935104
1560000109231282944
1560000109264631040
1560000109297980160
1560000109331328000
1560000109364676096
1560000109398024960
1560000109431372800
1560000109464720896
1560000109498070016
1560000109531418112
1560000109564642048
1560000109597989120
1560000109631334912
1560000109664681984
1560000109698029056
1560000109731375104
1560000109764722176
1560000109798068992
1560000109831415040
1560000109864762112
1560000109898108928
1560000109931454976
1560000109964802048
1560000109998148864
1560000110031495168
1560000110064841984
1560000110098188032
1560000110131535104
1560000110164881920
1560000110198228992
1560000110231575040
1560000110264921856
1560000110298268160
1560000110331614976
1560000110364962048
1560000110398308096
1560000110431654912
1560000110465001984
1560000110498348032
1560000110531694848
1560000110565041920
1560000110598387968
1560000110637371904
1560000110670734848
1560000110704098048
1560000110737462016
1560000110770824960
1560000110804187904
1560000110837551104
1560000110870914048
1560000110904278016
