1560244286276588800
1560244286309947904
1560244286343307008
1560244286376666112
1560244286410023936
1560244286443383040
1560244286476742144
1560244286510100992
1560244286543458816
1560244286576817920
1560244286610177024
1560244286643536128
1560244286676894976
1560244286710254080
1560244286743612928
1560244286776971008
1560244286810329856
1560244286843688960
1560244286877048064
1560244286910407168
1560244286943764992
1560244286977124096
1560244287010482944
1560244287043842048
1560244287077200896
1560244287110558976
1560244287143918080
1560244287175670016
1560244287209022976
1560244287242376192
1560244287275728896
1560244287309082880
1560244287342436096
1560244287375788800
1560244287409142016
1560244287442495232
1560244287475847936
1560244287509201920
1560244287542555136
1560244287575907840
1560244287609261056
1560244287642613760
1560244287675966976
1560244287709320960
1560244287742674176
1560244287776026880
1560244287809380096
1560244287842732800
1560244287876087040
1560244287909440000
1560244287942792960
1560244287976145920
1560244288009499136
1560244288042853120
1560244288076205056
1560244288109559040
1560244288142912000
1560244288176624896
1560244288209979136
1560244288243334144
1560244288276688128
1560244288310043136
1560244288343396864
1560244288376751872
1560244288410105856
1560244288443460096
1560244288476815104
1560244288510169856
1560244288543524096
1560244288576878080
1560244288610233088
1560244288643587072
1560244288676942080
1560244288710295808
1560244288743650816
1560244288777005056
1560244288810360064
1560244288843714048
1560244288877069056
1560244288910423040
1560244288943778048
1560244288977132032
1560244289010487040
1560244289043840768
1560244289077195776
1560244289110550016
1560244289143904000
1560244289177254912
1560244289210608128
1560244289243961088
1560244289277314048
1560244289310668032
1560244289344020992
1560244289377373952
1560244289410726912
1560244289444080128
1560244289477433088
1560244289510787072
1560244289544140032
1560244289577492992
1560244289610845952
1560244289644198912
1560244289677551872
1560244289710906112
1560244289744259072
1560244289777612032
1560244289810964992
1560244289844317952
1560244289877670912
1560244289911024128
1560244289944377856
1560244289977731072
1560244290011084032
1560244290044436992
1560244290077789952
1560244290111143168
1560244290144496896
1560244290178132992
1560244290211488000
1560244290244841216
1560244290278194944
1560244290311548928
1560244290344902912
1560244290378257152
1560244290411611136
1560244290444964864
1560244290478318848
1560244290511673088
1560244290545027072
1560244290578381056
1560244290611735040
1560244290645089024
1560244290678443008
1560244290711796992
1560244290745150976
1560244290778504960
1560244290811858944
1560244290845212928
1560244290878566912
1560244290911921920
1560244290945275136
1560244290978629120
1560244291011982848
1560244291045337088
1560244291078691072
1560244291112045056
1560244291145399040
1560244291178973952
1560244291212328960
1560244291245683968
1560244291279037952
1560244291312392960
1560244291345746944
1560244291379101952
1560244291412456960
1560244291445811968
1560244291479165952
1560244291512520960
1560244291545875968
1560244291579229952
1560244291612584960
1560244291645939200
1560244291679294208
1560244291712649216
1560244291746002944
1560244291779357952
1560244291812712960
1560244291846066944
1560244291879421952
1560244291912776960
1560244291946130944
1560244291979485952
1560244292012840960
1560244292046194944
1560244292079549952
1560244292112904960
1560244292146258944
1560244292179795968
1560244292213150976
1560244292246507008
1560244292279862016
1560244292313217024
1560244292346572032
1560244292379927040
1560244292413281792
1560244292446638080
1560244292479993088
1560244292513348096
1560244292546703104
1560244292580058112
1560244292613414144
1560244292646769152
1560244292680124160
1560244292713479168
1560244292746833920
1560244292780189952
1560244292813544960
1560244292846899968
1560244292880254976
1560244292913609984
1560244292946964992
1560244292980320000
1560244293013676032
1560244293047031040
1560244293080386048
1560244293113740800
1560244293147095808
1560244293180623104
1560244293213978112
1560244293247333888
1560244293280689920
1560244293314045952
1560244293347400960
1560244293380756992
1560244293414113024
1560244293447469056
1560244293480824064
1560244293514179840
1560244293547535872
1560244293580892160
1560244293614247168
1560244293647602944
1560244293680958976
1560244293714313984
1560244293747670016
1560244293781025792
1560244293814382080
1560244293847738112
1560244293881093120
1560244293914448896
1560244293947804928
1560244293981161216
1560244294014516224
1560244294047872000
1560244294081228032
1560244294114583040
1560244294147939072
1560244294181457152
1560244294214813952
1560244294248169984
1560244294281526016
1560244294314883072
1560244294348238848
1560244294381594880
1560244294414951936
1560244294448307968
1560244294481664000
1560244294515021056
1560244294548377088
1560244294581732864
1560244294615089920
1560244294648446208
1560244294681803008
1560244294715159040
1560244294748514816
1560244294781871104
1560244294815227904
1560244294848583936
1560244294881939968
1560244294915297024
1560244294948653056
1560244294982008832
1560244295015366144
1560244295048721920
1560244295082077952
1560244295115435008
1560244295148791040
1560244295182273024
1560244295215630080
1560244295248986880
1560244295282344192
1560244295315700992
1560244295349057792
1560244295382415104
1560244295415770880
1560244295449127936
1560244295482484992
1560244295515842048
1560244295549199104
1560244295582555904
1560244295615911936
1560244295649268992
1560244295682626048
1560244295715982848
1560244295749340160
1560244295782696960
1560244295816052992
1560244295849410048
1560244295882766848
1560244295916124160
1560244295949480960
1560244295982838016
1560244296016195072
1560244296049551104
1560244296082907904
1560244296116264960
1560244296149622016
1560244296183113216
1560244296216470016
1560244296249828096
1560244296283184896
1560244296316541952
1560244296349900032
1560244296383258112
1560244296416614912
1560244296449971968
1560244296483330048
1560244296516686848
1560244296550044928
1560244296583403008
1560244296616760064
1560244296650116864
1560244296683474944
1560244296716833024
1560244296750190080
1560244296783546880
1560244296816904960
1560244296850262016
1560244296883620096
1560244296916976896
1560244296950334976
1560244296983692032
1560244297017050112
1560244297050406912
1560244297083764992
1560244297117122048
1560244297150480128
1560244297183937024
1560244297217294848
1560244297250652928
1560244297284011008
1560244297317369088
1560244297350727168
1560244297384084992
1560244297417443072
1560244297450800896
1560244297484158976
1560244297517517056
1560244297550874880
1560244297584233984
1560244297617592064
1560244297650949888
1560244297684307968
1560244297717665792
1560244297751024128
1560244297784382208
1560244297817740032
1560244297851098112
1560244297884455936
1560244297917814016
1560244297951172096
1560244297984529920
1560244298017888000
1560244298051245824
1560244298084604928
1560244298117961984
1560244298151320064
1560244298184772096
1560244298218130944
1560244298251489024
1560244298284847872
1560244298318206976
1560244298351564800
1560244298384923904
1560244298418283008
1560244298451641088
1560244298484999936
1560244298518359040
1560244298551717120
1560244298585075968
1560244298618434816
1560244298651792896
1560244298685152000
1560244298718509824
1560244298751868928
1560244298785228032
1560244298818586112
1560244298851944960
1560244298885304064
1560244298918662144
1560244298952020992
1560244298985379840
1560244299018738944
1560244299052097024
1560244299085455872
1560244299118813952
1560244299152173056
1560244299185605120
1560244299218964224
1560244299252322816
1560244299285682944
1560244299319042048
1560244299352400896
1560244299385761024
1560244299419120128
1560244299452478976
1560244299485837824
1560244299519197952
1560244299552557056
1560244299585916160
1560244299619275008
1560244299652635136
1560244299685993984
1560244299719353088
1560244299752712960
1560244299786072064
1560244299819431168
1560244299852790016
1560244299886149888
1560244299919508992
1560244299952868096
1560244299986227968
1560244300019587072
1560244300052946176
1560244300086305024
1560244300119664896
1560244300153024000
1560244300186383104
1560244300219742976
1560244300253102080
1560244300284167936
1560244300317519872
1560244300350873088
1560244300384224768
1560244300417577984
1560244300450930176
1560244300484282112
1560244300517633792
1560244300550987008
1560244300584338944
1560244300617691904
1560244300651043840
1560244300684396032
1560244300717747968
1560244300751100928
1560244300784452864
1560244300817806080
1560244300851158016
1560244300884509952
1560244300917862912
1560244300951215104
1560244300984567040
1560244301017920000
1560244301051271936
1560244301084624128
1560244301117976832
1560244301151329024
1560244301184680960
1560244301218033920
1560244301251385856
1560244301285216000
1560244301318569984
1560244301351923968
1560244301385277952
1560244301418631936
1560244301451984896
1560244301485338880
1560244301518692864
1560244301552047104
1560244301585401088
1560244301618755072
1560244301652108800
1560244301685462016
1560244301718817024
1560244301752169984
1560244301785523968
1560244301818877952
1560244301852231936
1560244301885585920
1560244301918939136
1560244301952292864
1560244301985646848
1560244302019001088
1560244302052355072
1560244302085709056
1560244302119062784
1560244302152416000
1560244302185771008
1560244302219123968
1560244302252477952
1560244302285831936
1560244302319185920
1560244302352539904
1560244302383905024
1560244302417253120
1560244302450601216
1560244302483948032
1560244302517296128
1560244302550643968
1560244302583992064
1560244302617338880
1560244302650686976
1560244302684035072
1560244302717382912
1560244302750729984
1560244302784077824
1560244302817424896
1560244302850772992
1560244302884120832
1560244302917468928
1560244302950816000
1560244302984164096
1560244303017512192
1560244303050860032
1560244303084207104
1560244303117554944
1560244303150903040
1560244303184251136
1560244303217597952
1560244303250946048
1560244303284293888
1560244303317640960
1560244303350989056
1560244303384336896
1560244303417684992
1560244303451031808
1560244303482044928
1560244303515383040
1560244303548719872
1560244303582057984
1560244303615396096
1560244303648732928
1560244303682071040
1560244303715409152
1560244303748747008
1560244303782084096
1560244303815421952
1560244303848759808
1560244303882097920
1560244303915435008
1560244303948772864
1560244303982110976
1560244304015449088
1560244304048785920
1560244304082124032
1560244304115462144
1560244304148798976
1560244304182137088
1560244304215475200
1560244304248812032
1560244304282150912
1560244304315488000
1560244304348825856
1560244304382163968
1560244304415501056
1560244304448838912
1560244304482177024
1560244304515513856
1560244304548851968
1560244304581038848
1560244304614372096
1560244304647705088
1560244304681037824
1560244304714371072
1560244304747705088
1560244304781038080
1560244304814371072
1560244304847703808
1560244304881037056
1560244304914370048
1560244304947702784
1560244304981036800
1560244305014370048
1560244305047703040
1560244305081036032
1560244305114369024
1560244305147702016
1560244305181036032
1560244305214369024
1560244305247701760
1560244305281035008
1560244305314368000
1560244305347700992
1560244305381033984
1560244305414368000
1560244305447700992
1560244305481033984
1560244305514366976
1560244305547699968
1560244305582763008
1560244305616100096
1560244305649437952
1560244305682775040
1560244305716113152
1560244305749449984
1560244305782788096
1560244305816124928
1560244305849463040
1560244305882800128
1560244305916137984
1560244305949475072
1560244305982811904
1560244306016150016
1560244306049488128
1560244306082824960
1560244306116162048
1560244306149499904
1560244306182836992
1560244306216175104
1560244306249511936
1560244306282850048
1560244306316186880
1560244306349524992
1560244306382862080
1560244306416199936
1560244306449537024
1560244306482873856
1560244306516211968
1560244306549550080
1560244306584440832
1560244306617783040
1560244306651124992
1560244306684465920
1560244306717808128
1560244306751149824
1560244306784491008
1560244306817832960
1560244306851175168
1560244306884516096
1560244306917857792
1560244306951200000
1560244306984540928
1560244307017883136
1560244307051224064
1560244307084566016
1560244307117907968
1560244307151248896
1560244307184591104
1560244307217932032
1560244307251273984
1560244307284615936
1560244307317956864
1560244307351299072
1560244307384641024
1560244307417982208
1560244307451323904
1560244307484666112
1560244307518007040
1560244307551348992
1560244307586092032
1560244307619437056
1560244307652782848
1560244307686127872
1560244307719474176
1560244307752819968
1560244307786164992
1560244307819511040
1560244307852857088
1560244307886202112
1560244307919548160
1560244307952893952
1560244307986238976
1560244308019584768
1560244308052931072
1560244308086276096
1560244308119621888
1560244308152967936
1560244308186312960
1560244308219659008
1560244308253005056
1560244308286350080
1560244308319695872
1560244308353041920
1560244308386387200
1560244308419732992
1560244308453079040
1560244308486424064
1560244308519769856
1560244308553116160
1560244308587732992
1560244308621083136
1560244308654432000
1560244308687782144
1560244308721132032
1560244308754481920
1560244308787831040
1560244308821181184
1560244308854531072
1560244308887880192
1560244308921230080
1560244308954579968
1560244308987929088
1560244309021278976
1560244309054629120
1560244309087977984
1560244309121328128
1560244309154678016
1560244309188026880
1560244309221376768
1560244309254726912
1560244309288076032
1560244309321425920
1560244309354775808
1560244309388124928
1560244309421474816
1560244309454824960
1560244309488174848
1560244309521523968
1560244309554873856
1560244309588224000
1560244309621572864
1560244309654923008
1560244309686703872
1560244309720048896
1560244309753393920
1560244309786739968
1560244309820084992
1560244309853430016
1560244309886775040
1560244309920120064
1560244309953465088
1560244309986810880
1560244310020155904
1560244310053500928
1560244310086846976
1560244310120192000
1560244310153537024
1560244310186882048
1560244310220227072
1560244310253572864
1560244310286917888
1560244310320262912
1560244310353607936
1560244310386953984
1560244310420299008
1560244310453644032
1560244310486989056
1560244310520334080
1560244310553679872
1560244310587024896
1560244310620369920
1560244310653714944
1560244310687060992
1560244310720406016
1560244310753751040
1560244310785932032
1560244310819273984
1560244310852616192
1560244310885957120
1560244310919298816
1560244310952641024
1560244310985982976
1560244311019324928
1560244311052666880
1560244311086009088
1560244311119350784
1560244311152692992
1560244311186034944
1560244311219377152
1560244311252718848
1560244311286061056
1560244311319403008
1560244311352744960
1560244311386086912
1560244311419428096
1560244311452770048
1560244311486112000
1560244311519453952
1560244311552795904
1560244311586138112
1560244311619479808
1560244311652822016
1560244311686163968
1560244311719505920
1560244311752847872
1560244311788110080
1560244311821458176
1560244311854806016
1560244311888154112
1560244311921502208
1560244311954850816
1560244311988198912
1560244312021547008
1560244312054894848
1560244312088242944
1560244312121591040
1560244312154938880
1560244312188286976
1560244312221636096
1560244312254983936
1560244312288332032
1560244312321680128
1560244312355027968
1560244312388376064
1560244312421724928
1560244312455073024
1560244312488420864
1560244312521768960
1560244312555116800
1560244312588464896
1560244312621814016
1560244312655162112
1560244312688509952
1560244312721858048
1560244312755206144
1560244312790255104
1560244312823609088
1560244312856964096
1560244312890317824
1560244312923672064
1560244312957026048
1560244312990381056
1560244313023735040
1560244313057089024
1560244313090444032
1560244313123798016
1560244313157152000
1560244313190507008
1560244313223860992
1560244313257214976
1560244313290568960
1560244313323923968
1560244313357278208
1560244313390631936
1560244313423986944
1560244313457340928
1560244313490694912
1560244313524049152
1560244313557404160
1560244313590758144
1560244313624111872
1560244313657466880
1560244313690820864
1560244313724175104
1560244313757529088
1560244313792381952
1560244313825742080
1560244313859101952
1560244313892462848
1560244313925822976
1560244313959183872
1560244313992544000
1560244314025904896
1560244314059265024
1560244314092624896
1560244314125986048
1560244314159346176
1560244314192707072
1560244314226066944
1560244314259428096
1560244314292787968
1560244314326148096
1560244314359508992
1560244314392869120
1560244314426228992
1560244314459589888
1560244314492950016
1560244314526309888
1560244314559671040
1560244314593030912
1560244314626391808
1560244314659751936
1560244314693113088
1560244314726473216
1560244314759834112
1560244314794507008
1560244314827874048
1560244314861239808
1560244314894607104
1560244314927973888
1560244314961339904
1560244314994707200
1560244315028073984
1560244315061440000
1560244315094806784
1560244315128173056
1560244315161540096
1560244315194906112
1560244315228272896
1560244315261640192
1560244315295005952
1560244315328372992
1560244315361739008
1560244315395106048
1560244315428473088
1560244315461838848
1560244315495206144
1560244315528572160
1560244315561938944
1560244315595304960
1560244315628672000
1560244315662039040
1560244315695405056
1560244315728771840
1560244315762137856
1560244315796641024
1560244315830013952
1560244315863387136
1560244315896760064
1560244315930132992
1560244315963505920
1560244315996879104
1560244316030252032
1560244316063623936
1560244316096997120
1560244316130369792
1560244316163742976
1560244316197115904
1560244316230489088
1560244316263862016
1560244316297234176
1560244316330606848
1560244316363980032
1560244316397352960
1560244316430726144
1560244316464098816
1560244316497470976
1560244316530843904
1560244316564217088
1560244316597590016
1560244316630963200
1560244316664335872
1560244316697709056
1560244316731080960
1560244316764453888
1560244316797827072
1560244316831200000
1560244316864572928
1560244316894526976
1560244316927887872
1560244316961249024
1560244316994610944
1560244317027972096
1560244317061332992
1560244317094693888
1560244317128055040
1560244317161416960
1560244317194777856
1560244317228139008
1560244317261499904
1560244317294862080
1560244317328222976
1560244317361583872
1560244317394945024
1560244317428306176
1560244317461668096
1560244317495028992
1560244317528389888
1560244317561750784
1560244317595112960
1560244317628474112
1560244317661835008
1560244317695195904
1560244317728558080
1560244317761918976
1560244317795279872
1560244317828641024
1560244317862001920
1560244317896745984
1560244317930114048
1560244317963480832
1560244317996849152
1560244318030216960
1560244318063585024
1560244318096952832
1560244318130321152
1560244318163687936
1560244318197056000
1560244318230423808
1560244318263792128
1560244318297159936
1560244318330528000
1560244318363895040
1560244318397263104
1560244318430630912
1560244318463998976
1560244318497366784
1560244318530734080
1560244318564101888
1560244318597469952
1560244318630838016
1560244318664206080
1560244318697572864
1560244318730941184
1560244318764308992
1560244318797677056
1560244318831044864
1560244318864412928
1560244318897634048
1560244318931000064
1560244318964366080
1560244318997731840
1560244319031097856
1560244319064464128
1560244319097829120
1560244319131195136
1560244319164561152
1560244319197926912
1560244319231292928
1560244319264658944
1560244319298023936
1560244319331389952
1560244319364756224
1560244319398121984
1560244319431488000
1560244319464854016
1560244319498219008
1560244319531585024
1560244319564951040
1560244319598316800
1560244319631683072
1560244319665049088
1560244319698415104
1560244319731780096
1560244319765146112
1560244319798511872
1560244319831877888
1560244319865243904
1560244319898299904
1560244319931663104
1560244319965025792
1560244319998388992
1560244320031750912
1560244320065114112
1560244320098476800
1560244320131840000
1560244320165203200
1560244320198565888
1560244320231929088
1560244320265291008
1560244320298653952
1560244320332016896
1560244320365380096
1560244320398743040
1560244320432105984
1560244320465468928
1560244320498831872
1560244320532193792
1560244320565556992
1560244320598920192
1560244320632282880
1560244320665646080
1560244320699009024
1560244320732371968
1560244320765733888
1560244320799097088
1560244320832460032
1560244320865822976
1560244320899185920
1560244320932549120
1560244320965912064
1560244320995377152
1560244321028724992
1560244321062073088
1560244321095421184
1560244321128769024
1560244321162117120
1560244321195464960
1560244321228813056
1560244321262160896
1560244321295508992
1560244321328856832
1560244321362204928
1560244321395553024
1560244321428901888
1560244321462249984
1560244321495598080
1560244321528945920
1560244321562294016
1560244321595642112
1560244321628989952
1560244321662338048
1560244321695686144
1560244321729033984
1560244321762382080
1560244321795730176
1560244321829078016
1560244321862426112
1560244321895773952
1560244321929122048
1560244321962470912
1560244321997241088
1560244322030595072
1560244322063947008
1560244322097300992
1560244322130654208
1560244322164006912
1560244322197360128
1560244322230712832
1560244322264066048
